real,predicted
1.0,0.39376506209373474
1.0,0.41212907433509827
1.0,0.4083057940006256
1.0,0.39268961548805237
1.0,0.40120744705200195
1.0,0.4194689095020294
1.0,0.4211202561855316
1.0,0.4064694344997406
1.5333333015441895,0.41202256083488464
3.0,0.3989205062389374
3.0,0.40570521354675293
3.0,0.40555140376091003
3.0,0.40470433235168457
3.0,0.4115506708621979
3.0,0.4161197245121002
2.4000000953674316,0.4101071357727051
2.0,0.42154812812805176
2.0,0.3971998691558838
2.0,0.42696240544319153
2.0,0.40966594219207764
2.0,0.41115984320640564
2.0,0.40286335349082947
2.0,0.42374980449676514
2.0,0.40353015065193176
2.0,0.40338703989982605
2.0,0.4032505452632904
2.0,0.3980959951877594
2.0,0.4050476551055908
2.0,0.4281292259693146
2.0,0.4238995611667633
2.0,0.4110185205936432
2.0,0.41890275478363037
2.0,0.41528216004371643
2.0,0.4288821220397949
2.0,0.42758551239967346
2.0,0.43305858969688416
2.0,0.43310055136680603
2.0,0.4319898188114166
2.0,0.4309357702732086
2.0,0.4250967502593994
2.0,0.429511159658432
2.0,0.4190835952758789
2.933333396911621,0.4247097074985504
3.0,0.4175786077976227
3.0,0.432746559381485
3.5999999046325684,0.4273323118686676
4.0,0.4087398052215576
4.0,0.42088940739631653
3.4666666984558105,0.4249195158481598
2.0,0.44194433093070984
2.0,0.43783441185951233
2.0,0.41632771492004395
1.0666667222976685,0.4101645052433014
1.0,0.42785564064979553
1.0,0.4339118003845215
1.0,0.4329617917537689
1.0,0.4396723210811615
1.0,0.4228428900241852
1.0,0.4286011755466461
1.0,0.41346731781959534
1.0,0.3825590908527374
1.0,0.395555704832077
1.0,0.3930601179599762
1.0,0.39420875906944275
1.0,0.3931593894958496
1.0,0.38655737042427063
1.0,0.38294970989227295
1.0,0.38286280632019043
1.0,0.3845505714416504
1.0,0.38799384236335754
1.0,0.3827604353427887
1.0,0.401873379945755
1.0,0.40737709403038025
1.5333333015441895,0.39183688163757324
3.0,0.40650415420532227
3.0,0.41262438893318176
3.0,0.41049814224243164
3.0,0.4073454439640045
3.0,0.406046986579895
3.0,0.39463767409324646
3.0,0.3933080732822418
3.0,0.39351749420166016
3.0,0.3937431275844574
3.0,0.39489367604255676
3.0,0.39416173100471497
3.0,0.4000261723995209
3.0,0.39820241928100586
3.0,0.4012725353240967
3.0,0.39985617995262146
3.0,0.39647865295410156
3.0,0.3958148956298828
3.0,0.39685559272766113
3.0,0.3970522880554199
3.0,0.4038864076137543
3.0,0.3970169126987457
3.0,0.39481091499328613
3.0,0.39477527141571045
3.933333396911621,0.3963962495326996
4.0,0.3956831395626068
4.0,0.39500561356544495
3.4000000953674316,0.3972141742706299
3.0,0.3947699964046478
3.0,0.41141119599342346
3.0,0.4247403144836426
3.0,0.4060685634613037
3.0,0.4149419963359833
3.0,0.3987371027469635
3.0,0.39728713035583496
3.0,0.40351560711860657
3.0,0.39736881852149963
1.7999999523162842,0.3971051275730133
1.0,0.40446174144744873
1.0,0.382272869348526
1.2666666507720947,0.4049616754055023
2.0,0.3979516923427582
2.0,0.3964361250400543
2.0,0.3969813287258148
2.0,0.39764204621315
2.0,0.3975454270839691
2.0,0.3972231447696686
2.0,0.39755597710609436
2.0,0.3964654505252838
2.0,0.3950025737285614
2.0,0.4015113413333893
2.0,0.3951898515224457
2.0,0.3886333405971527
2.0,0.3902182877063751
2.0,0.3949241638183594
2.0,0.38519611954689026
2.0,0.3834010064601898
2.0,0.4075348675251007
2.0,0.39942455291748047
2.0,0.3971453607082367
1.7333333492279053,0.3967682421207428
1.0,0.3909374177455902
1.0,0.40878263115882874
1.0,0.39452147483825684
1.0,0.38838791847229004
1.0,0.38839876651763916
1.0,0.3848147392272949
1.600000023841858,0.40878772735595703
2.0,0.3950446844100952
2.0,0.39433160424232483
2.0,0.3956170976161957
2.0,0.3945216238498688
2.0,0.3966434895992279
2.0,0.3958399295806885
1.0666667222976685,0.38940319418907166
1.0,0.3959890305995941
1.0,0.39380040764808655
1.600000023841858,0.38598060607910156
2.0,0.3964211642742157
2.0,0.4073753356933594
2.0,0.4124735891819
2.0,0.40295326709747314
2.0,0.4139820337295532
2.0,0.396920770406723
2.933333396911621,0.38949111104011536
3.0,0.39145708084106445
3.0,0.4004976749420166
2.4000000953674316,0.4023127257823944
2.0,0.3996180593967438
2.0,0.39577531814575195
2.0,0.3949766159057617
2.0,0.39233148097991943
2.0,0.39755889773368835
2.0,0.39548754692077637
2.0,0.39414724707603455
2.0,0.3942749798297882
2.0,0.4006081521511078
1.399999976158142,0.39483627676963806
1.0,0.388370543718338
1.0,0.37883248925209045
1.0,0.41409263014793396
1.0,0.42465710639953613
1.0,0.4403665363788605
1.0,0.4307267665863037
1.0,0.4223237931728363
1.0,0.4262125790119171
1.0,0.42813345789909363
1.0,0.4353874623775482
1.0,0.38594093918800354
1.0,0.3893808424472809
2.066666603088379,0.39186549186706543
5.0,0.39004001021385193
5.0,0.4052528440952301
5.0,0.4290606677532196
5.0,0.40236732363700867
5.0,0.41402649879455566
5.0,0.3990227282047272
5.0,0.40403833985328674
5.0,0.3973264694213867
5.0,0.40934738516807556
5.0,0.40658435225486755
5.0,0.4227079451084137
5.0,0.41032537817955017
5.0,0.41652432084083557
1.2666666507720947,0.42666757106781006
1.0,0.3900826871395111
1.0,0.3993997573852539
1.0,0.39446353912353516
1.0,0.4111701548099518
1.0,0.4154612123966217
1.0,0.43291234970092773
1.0,0.41271480917930603
1.0,0.4124271869659424
1.0,0.4416995346546173
1.0,0.4144924581050873
1.0,0.4203944206237793
1.0,0.4178071916103363
1.0,0.42722415924072266
1.0,0.4287853240966797
1.0,0.4257516860961914
1.0,0.41089558601379395
1.0,0.41458114981651306
1.0,0.4166785776615143
1.0,0.4278024733066559
1.0,0.4170675277709961
1.0,0.4234994351863861
1.0,0.43544793128967285
1.0,0.42844390869140625
1.0,0.43742480874061584
1.0,0.44391894340515137
1.0,0.433349609375
1.0,0.43234801292419434
1.0,0.43671098351478577
1.0,0.41960832476615906
1.0,0.3910925090312958
1.0,0.3847847282886505
1.0,0.38680872321128845
1.0,0.3912699222564697
1.0,0.3922792971134186
1.0,0.39452970027923584
1.2666666507720947,0.39378848671913147
2.0,0.3897061049938202
2.0,0.3841392993927002
2.0,0.38624346256256104
2.0,0.3951963484287262
2.0,0.39220431447029114
2.0,0.38735079765319824
1.399999976158142,0.38928499817848206
1.0,0.3855923116207123
1.0,0.390470027923584
1.2666666507720947,0.3881097733974457
2.0,0.38870134949684143
2.0,0.38908591866493225
2.0,0.3851191997528076
1.0666667222976685,0.38754186034202576
1.0,0.3879462778568268
1.0,0.3824065029621124
1.600000023841858,0.397820383310318
2.0,0.383024126291275
2.0,0.38546523451805115
2.0,0.38306722044944763
2.0,0.3819409906864166
2.0,0.384908527135849
2.0,0.38173338770866394
3.866666555404663,0.3894383907318115
4.0,0.3847867250442505
4.0,0.38091620802879333
2.200000047683716,0.3910609781742096
1.0,0.39218446612358093
1.0,0.3873837888240814
1.0,0.3911151587963104
1.0,0.39686527848243713
1.0,0.40097394585609436
1.0,0.4107016324996948
1.0,0.40631064772605896
1.0,0.4116237163543701
1.0,0.39808189868927
1.0,0.41695284843444824
1.0,0.40108585357666016
1.0,0.3916111886501312
1.0,0.3909907639026642
1.0,0.38444724678993225
1.0,0.38318097591400146
1.0,0.37283825874328613
1.9333332777023315,0.37732014060020447
2.0,0.3747730255126953
2.0,0.37429681420326233
1.399999976158142,0.376397043466568
1.0,0.3744591176509857
1.0,0.38987240195274353
1.0,0.39065471291542053
1.0,0.39122310280799866
1.0,0.3827739655971527
1.0,0.3773540258407593
1.9333332777023315,0.38026300072669983
2.0,0.37835726141929626
2.0,0.3886807858943939
3.200000047683716,0.3886969983577728
4.0,0.38862156867980957
4.0,0.3950458765029907
3.4666666984558105,0.3900259733200073
2.0,0.3850654065608978
2.0,0.38869810104370117
2.0,0.3906485140323639
2.933333396911621,0.38042664527893066
3.0,0.38534483313560486
3.0,0.38846859335899353
1.7999999523162842,0.3823684751987457
1.0,0.39045074582099915
1.0,0.39064374566078186
1.2666666507720947,0.38647690415382385
2.0,0.3797302544116974
2.0,0.3836227357387543
2.0,0.3895730972290039
2.933333396911621,0.3935511112213135
3.0,0.3824031352996826
3.0,0.39138635993003845
3.0,0.3922243118286133
3.0,0.38674941658973694
3.0,0.38975000381469727
3.0,0.39094361662864685
3.0,0.38506409525871277
3.0,0.39374423027038574
3.0,0.39700913429260254
1.1333333253860474,0.39082613587379456
1.0,0.386918306350708
1.0,0.38178205490112305
1.0,0.3907720148563385
1.0,0.38408181071281433
1.0,0.40241917967796326
1.5333333015441895,0.39279499650001526
3.0,0.39482057094573975
3.0,0.40062597393989563
3.0,0.39132416248321533
3.0,0.3976053297519684
3.0,0.3876968324184418
3.0,0.3904843330383301
3.0,0.39218297600746155
3.0,0.38991430401802063
3.0,0.38645538687705994
3.2666666507720947,0.38986000418663025
4.0,0.3921572268009186
4.0,0.3895656168460846
4.0,0.3885398209095001
1.2000000476837158,0.3910224437713623
1.0,0.3995554447174072
1.0,0.398298978805542
2.799999952316284,0.41349533200263977
4.0,0.42857417464256287
4.0,0.4251108169555664
3.200000047683716,0.4229799211025238
1.0,0.4025973975658417
1.0,0.3792397081851959
1.0,0.37409868836402893
1.0,0.38052329421043396
1.0,0.38425305485725403
1.0,0.3837200701236725
1.600000023841858,0.39593687653541565
2.0,0.3802400827407837
2.0,0.3839028775691986
2.0,0.38658055663108826
2.0,0.38494765758514404
2.0,0.3895484507083893
2.0,0.38470426201820374
2.0,0.3865349292755127
2.0,0.3951258659362793
2.0,0.4225449562072754
1.399999976158142,0.39886608719825745
1.0,0.4204806387424469
1.0,0.4239734709262848
1.7999999523162842,0.4149200916290283
4.0,0.4084828794002533
4.0,0.40682873129844666
4.0,0.4248290956020355
4.0,0.40957334637641907
4.0,0.41291388869285583
4.0,0.41922855377197266
4.0,0.4122762680053711
4.0,0.4072636663913727
4.0,0.4080493450164795
4.0,0.40151333808898926
4.0,0.3915713131427765
4.0,0.3873049318790436
4.0,0.38750767707824707
1.2000000476837158,0.38179656863212585
1.0,0.38052114844322205
1.0,0.3754671514034271
1.0,0.37531766295433044
1.0,0.37519535422325134
1.0,0.37340977787971497
1.2666666507720947,0.36560872197151184
2.0,0.4084897041320801
2.0,0.4011101722717285
2.0,0.400473952293396
2.933333396911621,0.4045677185058594
3.0,0.4098227024078369
3.0,0.40467357635498047
3.0,0.40375447273254395
3.0,0.4078938961029053
3.0,0.40519413352012634
3.0,0.4006812572479248
3.0,0.4028618335723877
3.0,0.3946617543697357
3.0,0.3949383795261383
3.0,0.41925808787345886
3.0,0.406530499458313
3.0,0.40809521079063416
3.0,0.4066048860549927
3.0,0.39856207370758057
3.0,0.40704894065856934
2.4666666984558105,0.4081510007381439
1.0,0.3894018232822418
1.0,0.39446690678596497
1.0,0.3911723792552948
1.0,0.4001895487308502
1.0,0.3992544412612915
1.0,0.38609814643859863
1.600000023841858,0.38745561242103577
2.0,0.38997259736061096
2.0,0.3951670825481415
2.2666666507720947,0.3972538411617279
3.0,0.3944132626056671
3.0,0.3918561041355133
3.0,0.3916045129299164
1.1333333253860474,0.4108846187591553
1.0,0.39680948853492737
1.0,0.39486387372016907
1.0,0.3937431871891022
1.0,0.3918417990207672
1.0,0.3861890137195587
1.0,0.3811912536621094
1.0,0.3857266902923584
1.0,0.38363727927207947
1.0,0.3832099735736847
1.0,0.38347741961479187
1.0,0.3840116560459137
1.0,0.3995615541934967
1.0,0.3971628248691559
1.0,0.39544549584388733
1.0,0.3897298276424408
1.0,0.3843940198421478
1.0,0.38322362303733826
1.0,0.3845195770263672
1.0,0.39922401309013367
1.0,0.38522323966026306
1.0,0.38267433643341064
1.0,0.3845681846141815
1.0,0.3920194208621979
1.0,0.39211201667785645
1.0,0.39328575134277344
1.0,0.4056791365146637
1.0,0.3861810863018036
1.0,0.38918933272361755
1.0,0.3896178901195526
1.0,0.39092203974723816
1.0,0.3946303427219391
1.0,0.41513100266456604
1.600000023841858,0.39701899886131287
2.0,0.39105620980262756
2.0,0.392352432012558
1.7333333492279053,0.39904311299324036
1.0,0.4027802050113678
1.0,0.3922428786754608
1.0,0.39345064759254456
1.0,0.3810805082321167
1.0,0.383197158575058
1.0,0.3816227912902832
1.0,0.3819827139377594
1.0,0.380861759185791
1.0,0.3834918439388275
1.0,0.38653960824012756
1.0,0.3848918378353119
1.0,0.3831506669521332
1.0,0.383186012506485
1.0,0.3873232305049896
1.0,0.38469386100769043
1.0,0.39086976647377014
1.0,0.3876837193965912
1.0,0.387685090303421
1.0,0.3890635669231415
1.0,0.3874971568584442
1.0,0.392269104719162
1.0,0.38943934440612793
1.0,0.3898066282272339
1.0,0.392336368560791
1.0,0.3931412994861603
1.0,0.3905351161956787
1.0,0.3898618519306183
1.0,0.3906131684780121
1.0,0.38948854804039
1.0,0.3963755667209625
1.0,0.3771890103816986
1.0,0.4033987522125244
1.0,0.40467825531959534
1.0,0.408906489610672
1.0,0.4138892590999603
1.0,0.4048285186290741
1.600000023841858,0.4041140377521515
2.0,0.4017459452152252
2.0,0.3868131637573242
1.7333333492279053,0.38517189025878906
1.0,0.3903166353702545
1.0,0.39329203963279724
1.0,0.3952164649963379
1.0,0.40192553400993347
1.0,0.3927377760410309
1.0,0.39320945739746094
1.0,0.39451369643211365
1.0,0.39158502221107483
1.0,0.3930051326751709
1.2666666507720947,0.3932698667049408
2.0,0.3943987786769867
2.0,0.3952450752258301
2.0,0.40340152382850647
1.0666667222976685,0.3961285650730133
1.0,0.4080313742160797
1.0,0.4079831540584564
1.600000023841858,0.4064812660217285
2.0,0.4030207097530365
2.0,0.40212953090667725
1.7333333492279053,0.40877068042755127
1.0,0.3962545394897461
1.0,0.405416876077652
1.0,0.4038917124271393
1.0,0.4043971598148346
1.0,0.3845374584197998
1.0,0.3928440809249878
1.0,0.3896152079105377
1.0,0.38611412048339844
1.0,0.3838612735271454
1.0,0.3861902058124542
1.0,0.38555601239204407
1.0,0.38381874561309814
1.0,0.38152503967285156
1.0,0.37979066371917725
1.0,0.37998947501182556
1.0,0.37837734818458557
1.0,0.3774491250514984
1.0,0.3879159688949585
1.0,0.3886198103427887
1.0,0.3887418806552887
1.0,0.3897952139377594
1.0,0.38985124230384827
1.0,0.38831639289855957
1.0,0.38792529702186584
1.0,0.38834354281425476
1.0,0.38887760043144226
1.0,0.38765278458595276
1.0,0.3866846561431885
1.0,0.38586974143981934
1.0,0.3811604976654053
1.0,0.39151620864868164
1.0,0.3891615867614746
1.0,0.37433257699012756
1.0,0.38779330253601074
1.0,0.3891752064228058
1.0,0.3875046968460083
1.0,0.3879964351654053
1.0,0.3848305642604828
1.0,0.3767580986022949
1.0,0.38154444098472595
1.0,0.40071818232536316
2.0,0.40037789940834045
2.0,0.3975805938243866
2.0,0.39887580275535583
2.0,0.4023137092590332
2.0,0.40768468379974365
2.0,0.4037300646305084
2.0,0.4022304117679596
2.0,0.40768155455589294
1.0,0.41233134269714355
1.0,0.4156566858291626
1.0,0.40632733702659607
1.0,0.3932296335697174
1.0,0.39251407980918884
1.0,0.3943466246128082
1.0,0.3888653814792633
1.0,0.38076433539390564
1.0,0.3885514736175537
1.0,0.3896433115005493
1.0,0.3890272080898285
1.0,0.39303216338157654
1.0,0.3948240280151367
1.0,0.40884682536125183
1.0,0.40365859866142273
1.0,0.4000674784183502
1.0,0.39543986320495605
1.0,0.39534369111061096
1.0,0.3949265480041504
1.0,0.4017777442932129
1.0,0.39326581358909607
1.0,0.38856109976768494
1.0,0.3861539363861084
1.0,0.38911667466163635
1.0,0.3932011127471924
1.0,0.3887191712856293
1.0,0.3914231061935425
1.0,0.3944924771785736
1.0,0.3881419599056244
1.0,0.39539197087287903
1.0,0.4004180431365967
1.0,0.4080137014389038
2.0,0.40623247623443604
2.0,0.4152117967605591
2.0,0.3963538706302643
2.0,0.3965010344982147
2.0,0.4072360098361969
2.0,0.4203422963619232
2.0,0.4228540360927582
2.0,0.4077425003051758
4.0,0.40694403648376465
4.0,0.39953622221946716
4.0,0.3952706754207611
4.0,0.3964202404022217
4.0,0.39702674746513367
4.0,0.4012979567050934
4.0,0.39529410004615784
4.0,0.39658525586128235
4.0,0.39781227707862854
4.0,0.3940253257751465
4.0,0.3989199101924896
4.0,0.40955981612205505
4.0,0.39716649055480957
4.0,0.40056946873664856
4.0,0.3999439775943756
3.799999952316284,0.4057025909423828
1.0,0.4034077227115631
1.0,0.4082115590572357
1.0,0.4094200134277344
1.0,0.4041965901851654
1.0,0.40835943818092346
1.0,0.40718868374824524
1.0,0.4140147864818573
1.1333333253860474,0.40838679671287537
3.0,0.4106840193271637
3.0,0.41268619894981384
3.0,0.3955155611038208
3.0,0.3976809084415436
3.0,0.3898591995239258
3.0,0.3900894224643707
3.0,0.3903695046901703
3.0,0.39031973481178284
3.0,0.38936924934387207
3.0,0.3884144723415375
3.0,0.3913060128688812
3.0,0.3861912786960602
3.0,0.3812786638736725
3.0,0.3780294358730316
3.0,0.38272419571876526
3.0,0.38341423869132996
3.0,0.3848212957382202
3.0,0.3851799964904785
3.0,0.38120606541633606
3.0,0.38567590713500977
3.0,0.3865298330783844
3.0,0.38429465889930725
3.0,0.38555631041526794
3.066666603088379,0.3915260136127472
4.0,0.408581405878067
4.0,0.410555362701416
4.0,0.41383305191993713
4.0,0.40887200832366943
4.0,0.4164521396160126
4.0,0.4174765646457672
4.0,0.4219537675380707
3.866666555404663,0.41994404792785645
2.0,0.41909468173980713
2.0,0.4266527593135834
2.0,0.41849735379219055
1.9333332777023315,0.4156595766544342
1.0,0.4142679274082184
1.0,0.41999244689941406
1.0,0.4028836786746979
1.0,0.413236141204834
1.0,0.4072013795375824
1.0,0.4008054733276367
1.0,0.39669713377952576
1.0,0.3991464078426361
1.0,0.39637455344200134
1.0,0.3947443962097168
1.0,0.39606165885925293
1.0,0.39503851532936096
1.0,0.4076244831085205
1.0,0.3920128047466278
1.0,0.38979458808898926
1.0666667222976685,0.40129685401916504
2.0,0.40192651748657227
2.0,0.40428534150123596
2.0,0.4050697386264801
1.8666666746139526,0.40971091389656067
1.0,0.41031894087791443
1.0,0.40859660506248474
1.0,0.4084690511226654
1.0,0.4127621650695801
1.0,0.41091904044151306
1.0,0.41023507714271545
1.0,0.407442569732666
1.0,0.40469884872436523
1.0,0.41572269797325134
1.0,0.4022679328918457
1.0,0.39769959449768066
1.1333333253860474,0.40718868374824524
2.0,0.38664016127586365
2.0,0.384403258562088
2.0,0.3849236071109772
2.0,0.3819981515407562
2.0,0.38189372420310974
2.0,0.37944695353507996
2.0,0.38671645522117615
2.0,0.3856984078884125
2.0,0.38337817788124084
2.0,0.38373899459838867
2.0,0.38475772738456726
2.0,0.38624802231788635
2.0,0.3864411413669586
2.0,0.3933442533016205
2.0,0.3928098976612091
2.0,0.38910508155822754
2.0,0.41413643956184387
2.0,0.41159042716026306
2.0,0.4023168087005615
1.8666666746139526,0.4157160520553589
1.0,0.418095201253891
1.0,0.4100809395313263
1.0,0.3977303206920624
1.0,0.4120810925960541
1.0,0.4059591293334961
1.0,0.4051140248775482
1.0,0.4112817347049713
1.2666666507720947,0.40945735573768616
3.0,0.4285166263580322
3.0,0.43829789757728577
3.0,0.4287455081939697
2.7333333492279053,0.4204760789871216
1.0,0.42499175667762756
1.0,0.4184276759624481
1.0,0.40654024481773376
1.2666666507720947,0.4178900718688965
3.0,0.40644678473472595
3.0,0.3994462490081787
3.0,0.39706358313560486
3.0,0.4070498049259186
3.0,0.39320817589759827
3.0,0.39283493161201477
3.0,0.3880448341369629
3.133333444595337,0.38636544346809387
4.0,0.39508363604545593
4.0,0.40701720118522644
4.0,0.4181108772754669
3.7333333492279053,0.4174148142337799
2.0,0.4313444197177887
2.0,0.4302654564380646
2.0,0.41097769141197205
2.0,0.4219096004962921
2.0,0.4429139196872711
2.0,0.4274061918258667
2.0,0.40950632095336914
2.5999999046325684,0.4195077419281006
5.0,0.41865530610084534
5.0,0.41596922278404236
5.0,0.4189099371433258
5.0,0.4261380732059479
5.0,0.4179443418979645
5.0,0.4109135568141937
5.0,0.4257255792617798
5.0,0.4242056906223297
5.0,0.419310599565506
5.0,0.41905465722084045
5.0,0.4173879623413086
4.599999904632568,0.39735984802246094
3.0,0.3998308479785919
3.0,0.4018522799015045
3.0,0.4049045145511627
2.5999999046325684,0.4149104654788971
1.0,0.41163551807403564
1.0,0.4149744510650635
1.0,0.41971006989479065
1.0,0.4144480228424072
1.0,0.4199086129665375
1.0,0.41556501388549805
1.0,0.4138038158416748
1.0,0.4085063934326172
1.0,0.4007759094238281
1.0,0.39564231038093567
1.0,0.4020954668521881
1.0,0.39683401584625244
1.0,0.3958601951599121
1.0,0.39270302653312683
1.0,0.39362993836402893
1.0,0.3959481716156006
1.0,0.3928868770599365
1.0,0.39351096749305725
1.0,0.39218008518218994
1.0,0.38851213455200195
1.0,0.3906538188457489
1.0,0.39167144894599915
1.0,0.39151766896247864
1.399999976158142,0.39709416031837463
3.0,0.39727628231048584
3.0,0.396011084318161
3.0,0.39802348613739014
3.0,0.4024524986743927
3.0,0.3925997018814087
3.0,0.3959266245365143
3.0,0.40144118666648865
3.0,0.4014136791229248
3.0,0.40564051270484924
3.0,0.4061605632305145
3.0,0.41096654534339905
3.0,0.4087330400943756
3.0,0.41206929087638855
3.0,0.4166845381259918
3.0,0.42248836159706116
2.799999952316284,0.4042287766933441
2.0,0.403165340423584
2.0,0.4186370372772217
2.0,0.4239981174468994
1.7999999523162842,0.4155339300632477
1.0,0.41813984513282776
1.0,0.4090445935726166
1.0,0.416596919298172
1.0,0.41515663266181946
1.0,0.4140996038913727
1.0,0.4135890007019043
1.0,0.410184383392334
1.0,0.4138004779815674
1.0,0.40780404210090637
1.0,0.4057391583919525
1.0,0.4060498774051666
1.0,0.4076491594314575
1.0,0.40478789806365967
1.0,0.40437746047973633
1.0,0.4188969135284424
1.5333333015441895,0.42111673951148987
3.0,0.4226691722869873
3.0,0.40161725878715515
3.0,0.3992893695831299
2.4666666984558105,0.4039680063724518
1.0,0.40398287773132324
1.0,0.40278854966163635
1.0,0.40256834030151367
1.2666666507720947,0.3937455713748932
2.0,0.39672937989234924
2.0,0.39382854104042053
2.0,0.394716739654541
1.7333333492279053,0.4003341495990753
1.0,0.39642849564552307
1.0,0.3948768675327301
1.0,0.3958010673522949
1.0,0.3926701545715332
1.0,0.3873412609100342
1.0,0.39184868335723877
1.0,0.39157500863075256
1.0,0.38675785064697266
1.0,0.3845735490322113
1.0,0.39061567187309265
1.0,0.3870188295841217
1.0,0.3879055082798004
1.0,0.390082985162735
1.0,0.3945342004299164
1.0,0.40040040016174316
1.2666666507720947,0.3996991217136383
2.0,0.3862985670566559
2.0,0.3849121034145355
2.0,0.38676121830940247
2.0,0.3912212550640106
2.0,0.39071181416511536
2.0,0.38791903853416443
2.0,0.3858935832977295
2.2666666507720947,0.38778841495513916
3.0,0.38741636276245117
3.0,0.4010556638240814
3.0,0.4030344486236572
2.7333333492279053,0.40103578567504883
2.0,0.39668193459510803
2.0,0.40115082263946533
2.0,0.4020867347717285
2.0,0.4101405143737793
2.0,0.41363200545310974
2.0,0.4203660488128662
2.0,0.4010946750640869
2.0,0.40174952149391174
2.0,0.401170015335083
2.0,0.39570483565330505
2.0,0.39809274673461914
2.0,0.39428821206092834
2.0,0.3918689489364624
2.0,0.39383411407470703
2.0,0.39425167441368103
1.6666666269302368,0.4072287082672119
1.0,0.3984982967376709
1.0,0.39676108956336975
1.0,0.3955669403076172
1.3333333730697632,0.3849767744541168
2.0,0.38633593916893005
2.0,0.3859274387359619
2.0,0.3839746415615082
2.0,0.38891664147377014
2.0,0.38741469383239746
2.0,0.3861575126647949
2.0,0.407339483499527
2.0,0.42754459381103516
2.0,0.4332452118396759
2.0,0.4252347946166992
2.0,0.43050798773765564
2.0,0.4148308038711548
2.0,0.4158002436161041
2.0,0.41491755843162537
2.0,0.42126283049583435
2.0,0.41495704650878906
2.0,0.4122427701950073
2.0,0.4225156307220459
2.0,0.4204648733139038
2.0,0.4215102195739746
2.0,0.42441317439079285
2.0,0.42418551445007324
2.0,0.4163854122161865
2.3333332538604736,0.4151560366153717
3.0,0.4153667986392975
3.0,0.41965559124946594
3.0,0.3935868740081787
3.0,0.3864935338497162
3.0,0.38936933875083923
3.0,0.39387941360473633
3.0,0.39158740639686584
2.3333332538604736,0.391891211271286
1.0,0.40662360191345215
1.0,0.4047301709651947
1.0,0.4035477638244629
1.0,0.4171924591064453
1.0,0.41493725776672363
1.0,0.4187995493412018
1.0,0.4100068509578705
1.0,0.4172481298446655
1.0,0.4112137258052826
1.0,0.41189634799957275
1.0,0.4095003604888916
1.0,0.4147666394710541
1.0,0.4215003550052643
1.0,0.4106258451938629
1.0,0.39846375584602356
1.0,0.3923865854740143
1.0,0.3891303241252899
1.0,0.3881240785121918
1.0,0.3914656341075897
1.0,0.39086493849754333
1.0,0.3908642828464508
1.0,0.3893960416316986
1.0,0.3916894495487213
1.0,0.3933378756046295
1.0,0.39285969734191895
1.0,0.393704891204834
1.0,0.3761211335659027
1.0,0.38821491599082947
1.0,0.38600000739097595
1.0,0.3923359811306
1.0,0.3969166576862335
1.0,0.3991090953350067
1.0,0.4036942720413208
1.0,0.4043358266353607
1.0,0.39897552132606506
1.0,0.3995647728443146
1.0,0.40198013186454773
1.0,0.40369486808776855
1.0,0.4003005921840668
1.0,0.40140923857688904
1.0,0.3971024453639984
1.0,0.40095698833465576
1.0,0.40206852555274963
1.0,0.3995756208896637
1.0,0.3990887701511383
1.0,0.4038013517856598
1.0,0.39592671394348145
1.0,0.41504931449890137
1.0,0.41784724593162537
1.0,0.3969705104827881
1.0,0.3971548080444336
1.0,0.39673638343811035
1.0,0.3929302990436554
1.0,0.3935508728027344
1.0,0.3946126401424408
1.0,0.3977569043636322
1.0,0.3929884433746338
1.0,0.3900628089904785
1.0,0.3991623818874359
1.0,0.3995720446109772
1.0,0.3965614140033722
1.0,0.3929493725299835
1.0,0.3873167335987091
1.0,0.38772663474082947
1.0,0.3812738358974457
1.0,0.3791668117046356
1.0,0.39157041907310486
1.0,0.38994649052619934
1.0,0.3899572193622589
1.0,0.38365504145622253
1.0,0.3792528212070465
1.0,0.3764422833919525
1.0,0.379178524017334
1.0,0.38080325722694397
1.0,0.38183602690696716
1.0,0.3815178871154785
1.0,0.3858751058578491
1.0,0.38137534260749817
1.0,0.38258054852485657
1.0,0.391435831785202
1.0,0.3913271427154541
1.0,0.3939932584762573
1.0,0.40008091926574707
1.0,0.3863513469696045
1.0,0.3852454125881195
1.0,0.38728126883506775
1.0,0.39352932572364807
1.0,0.4008069932460785
1.0,0.39250990748405457
1.0,0.39528003334999084
1.0,0.39844992756843567
1.0,0.3994637429714203
1.0,0.4065181314945221
1.0,0.40462955832481384
1.0,0.40939220786094666
1.0,0.3969288766384125
1.0,0.4107016324996948
1.0,0.4094644784927368
1.0,0.4093053638935089
1.0,0.3995736539363861
1.0,0.40405869483947754
1.0,0.4148028790950775
1.0,0.4225544035434723
1.0,0.4176872968673706
1.0,0.4143548905849457
1.0,0.40945252776145935
1.0,0.40482237935066223
1.0,0.39795053005218506
1.0,0.4097656309604645
1.0,0.41577208042144775
1.0,0.42092812061309814
1.0,0.41254982352256775
1.0,0.40325626730918884
1.0,0.40195131301879883
1.0,0.3975314199924469
1.0,0.40401196479797363
1.0,0.41162359714508057
1.0,0.399666428565979
1.0,0.4126621186733246
1.0,0.41961899399757385
1.0,0.41010475158691406
1.0,0.4303034842014313
1.0,0.40545764565467834
1.0,0.4305727481842041
1.0,0.4222518503665924
1.0,0.4139823019504547
1.0,0.4143887460231781
1.0,0.4172954261302948
1.0,0.407198429107666
1.0,0.4069567620754242
1.0,0.40033984184265137
1.0,0.4023045003414154
1.0,0.4119075536727905
1.0,0.4056611955165863
1.0,0.3964419364929199
1.0,0.3960167467594147
1.0,0.406406968832016
1.0,0.4094983637332916
1.0,0.4117949903011322
1.0,0.4265999495983124
1.0,0.4341445863246918
1.0,0.4201773703098297
1.0,0.4232032299041748
1.0,0.4278666079044342
1.0,0.4242660105228424
1.0666667222976685,0.41531863808631897
2.0,0.40006694197654724
2.0,0.4160497486591339
2.0,0.4166981279850006
2.0,0.4157026708126068
2.0,0.4084302484989166
2.0,0.4069293439388275
2.0,0.4239616394042969
1.9333332777023315,0.4103701114654541
1.0,0.4138115346431732
1.0,0.41350889205932617
1.0,0.41676065325737
1.0666667222976685,0.4137386977672577
2.0,0.42375898361206055
2.0,0.42703118920326233
2.0,0.4181910753250122
1.8666666746139526,0.4067508280277252
1.0,0.39965200424194336
1.0,0.3979438841342926
1.0,0.3979485034942627
1.0,0.4054586589336395
1.0,0.4016096591949463
1.0,0.39564332365989685
1.0,0.396874338388443
1.0,0.39398226141929626
1.0,0.39353013038635254
1.0,0.3920545279979706
1.0,0.40280577540397644
1.1333333253860474,0.38801106810569763
2.0,0.38887819647789
2.0,0.3895644247531891
2.0,0.3950611650943756
2.133333444595337,0.39634108543395996
3.0,0.40333127975463867
3.0,0.4006504714488983
3.0,0.3991506099700928
3.0,0.3964150846004486
3.0,0.3980339765548706
3.0,0.399637371301651
3.0,0.4032183587551117
3.0,0.406503826379776
3.0,0.4027647078037262
3.0,0.39473652839660645
3.0,0.39712390303611755
3.0,0.3963342607021332
3.0,0.39587458968162537
3.0,0.39538946747779846
3.0,0.39389750361442566
3.0,0.38797464966773987
3.0,0.3935821056365967
3.0,0.3994835913181305
3.0,0.40216708183288574
3.0,0.3919195234775543
3.0,0.3967384397983551
3.0,0.40001654624938965
3.0,0.3959970474243164
3.0,0.39854511618614197
3.0,0.39749452471733093
3.0,0.4026765823364258
3.0,0.40807339549064636
3.0,0.40699490904808044
3.0,0.4060521125793457
3.0,0.41086968779563904
3.0,0.3968738615512848
3.0,0.39953160285949707
3.0,0.39229002594947815
3.0,0.38995233178138733
3.0,0.3889143466949463
3.0,0.3959449827671051
3.0,0.3981424868106842
3.0,0.39999985694885254
3.0,0.39569607377052307
3.133333444595337,0.3909670412540436
4.0,0.38478922843933105
4.0,0.3882644474506378
4.0,0.39049744606018066
4.0,0.39189040660858154
4.0,0.3914211094379425
4.0,0.3918416500091553
4.0,0.3909425735473633
3.7333333492279053,0.38894614577293396
2.0,0.3953969478607178
2.0,0.3936176300048828
2.0,0.39563465118408203
2.0,0.4022400379180908
2.0,0.3908916413784027
2.0,0.39034971594810486
2.0,0.3853384554386139
2.0,0.39133715629577637
2.0,0.3958553075790405
2.0,0.3925000727176666
2.0,0.39097461104393005
2.0,0.3939334452152252
2.0,0.3940829336643219
2.0,0.40222954750061035
2.0,0.3984793424606323
1.7999999523162842,0.3992477357387543
1.0,0.4020489752292633
1.0,0.3988223075866699
1.0,0.4045937955379486
1.0,0.4063349664211273
1.0,0.40174567699432373
1.0,0.42106401920318604
1.0,0.42875146865844727
1.2000000476837158,0.4370668828487396
2.0,0.41045132279396057
2.0,0.43832314014434814
2.0,0.42039430141448975
1.7999999523162842,0.40630412101745605
1.0,0.41352546215057373
1.0,0.4251619279384613
1.0,0.4305051267147064
1.0,0.4085875451564789
1.0,0.39426326751708984
1.0,0.3928752839565277
1.0,0.3900177478790283
1.0,0.39875099062919617
1.0,0.39823031425476074
1.0,0.40014132857322693
1.0,0.40099039673805237
1.0,0.40594688057899475
1.0,0.41410645842552185
1.0,0.40614497661590576
1.0,0.417177677154541
1.0,0.39700230956077576
1.0,0.41319727897644043
1.0,0.41311684250831604
1.0,0.401989221572876
1.0,0.4064604341983795
1.0,0.41187095642089844
1.0,0.4105342924594879
1.0,0.40806230902671814
1.399999976158142,0.4109291136264801
3.0,0.41564932465553284
3.0,0.4331282675266266
3.0,0.42306140065193176
3.0,0.41406163573265076
3.0,0.4141753017902374
3.0,0.41571474075317383
3.0,0.4202698767185211
3.0,0.40937289595603943
3.0,0.42888176441192627
3.0,0.4171455204486847
3.0,0.40947890281677246
3.0,0.4176405966281891
3.0,0.4305625855922699
3.0,0.43512508273124695
3.0,0.41047826409339905
3.0,0.4143039286136627
3.0,0.4220140874385834
3.0,0.42214062809944153
3.0,0.4211447536945343
3.0,0.4100697338581085
3.0,0.41210639476776123
3.0,0.41837599873542786
3.0,0.42549994587898254
3.0,0.4165792465209961
3.0,0.4153573513031006
3.0,0.40391644835472107
3.0,0.40927013754844666
3.0,0.408780574798584
3.0,0.41528603434562683
3.0,0.4106977880001068
3.0,0.3959898054599762
3.0,0.4015088975429535
3.0,0.41836801171302795
3.0,0.40600666403770447
3.0,0.41105708479881287
2.4666666984558105,0.4062388837337494
1.0,0.3965533673763275
1.0,0.3945258557796478
1.0,0.3911527693271637
1.0,0.3927251398563385
1.0,0.4012850224971771
1.0,0.39523911476135254
1.0,0.39485064148902893
1.2666666507720947,0.39863839745521545
2.0,0.39693188667297363
2.0,0.40454205870628357
2.0,0.40527692437171936
2.0,0.41369596123695374
2.0,0.4047304093837738
2.0,0.40425893664360046
2.0,0.40470758080482483
2.0,0.4126785695552826
2.0,0.41173791885375977
2.0,0.41357365250587463
2.0,0.4121647775173187
2.0,0.4190591871738434
2.0,0.40959039330482483
2.0,0.4138850271701813
2.0,0.40471768379211426
2.0,0.41805386543273926
2.0,0.4204271733760834
2.0,0.40386295318603516
2.0,0.4114091694355011
1.7333333492279053,0.4202311933040619
1.0,0.40377652645111084
1.0,0.4120696485042572
1.0,0.4221062958240509
1.2666666507720947,0.4219309985637665
2.0,0.4176318645477295
2.0,0.415306955575943
2.0,0.4205905497074127
1.7333333492279053,0.4158519208431244
1.0,0.4111535847187042
1.0,0.41442111134529114
1.0,0.42596235871315
1.0,0.42250776290893555
1.0,0.41737720370292664
1.0,0.4219423234462738
1.0,0.4102111756801605
1.0,0.4171522557735443
1.0,0.4017379581928253
1.0,0.4104548394680023
1.0,0.4144240915775299
1.0,0.41063249111175537
1.0,0.39785894751548767
1.0,0.3942434787750244
1.0,0.3929589092731476
1.0,0.39329877495765686
1.0,0.3962610065937042
1.0,0.39858078956604004
1.0,0.4019223749637604
1.0,0.3977280557155609
1.0,0.40112853050231934
1.0,0.393328994512558
1.0,0.3972964286804199
1.0,0.40031930804252625
1.0,0.406961590051651
1.0,0.40226173400878906
1.0,0.4150339663028717
1.3333333730697632,0.39624738693237305
2.0,0.4132169187068939
2.0,0.4130752980709076
2.0,0.40004849433898926
2.0,0.3993745744228363
2.0,0.40072664618492126
2.0,0.40594419836997986
2.0,0.41484883427619934
2.0,0.41427382826805115
2.0,0.4093654155731201
2.0,0.4104893207550049
2.0,0.4028286933898926
2.0,0.4032764434814453
2.0,0.3972054421901703
2.0,0.4093771278858185
2.0,0.4034789502620697
2.0,0.3969917595386505
2.0,0.4127996265888214
2.0,0.4124549925327301
2.0,0.41407081484794617
2.0,0.3978090286254883
2.0,0.4023643434047699
2.0,0.4113883972167969
2.0,0.39984455704689026
2.0,0.4011608064174652
2.0,0.4087374210357666
2.0,0.411625474691391
2.0,0.4023396670818329
2.0,0.3997819423675537
2.0,0.4006897509098053
2.0,0.3998349606990814
2.0,0.4031839370727539
2.0,0.40613552927970886
2.0,0.4030286967754364
2.0,0.4068051874637604
2.0,0.4088284969329834
2.0,0.40860721468925476
2.0,0.40467891097068787
2.0,0.41327229142189026
2.0,0.40202316641807556
2.0,0.40673089027404785
2.0,0.41462981700897217
2.0,0.41176697611808777
2.0,0.3970162868499756
2.0,0.4048866033554077
2.0,0.40527257323265076
2.0,0.4086219072341919
2.0,0.4040440022945404
3.0,0.40546178817749023
5.0,0.4184563159942627
5.0,0.4171684682369232
5.0,0.4095083177089691
5.0,0.40886354446411133
5.0,0.4166264533996582
5.0,0.4144797623157501
5.0,0.4075500965118408
5.0,0.4191281497478485
5.0,0.41298869252204895
5.0,0.40997207164764404
5.0,0.39939674735069275
4.599999904632568,0.40662074089050293
4.0,0.41970935463905334
4.0,0.4113885164260864
4.0,0.40872979164123535
3.200000047683716,0.41317152976989746
2.0,0.41354331374168396
2.0,0.4091060161590576
2.0,0.4013897478580475
1.600000023841858,0.4109836518764496
1.0,0.43536248803138733
1.0,0.43111690878868103
1.0,0.4263436496257782
1.0,0.42122602462768555
1.0,0.4188419282436371
1.0,0.417750746011734
1.0,0.43104657530784607
1.0,0.43389156460762024
1.0,0.4259163439273834
1.0,0.410963773727417
1.0,0.42462047934532166
1.0,0.4355865716934204
1.0,0.4280368387699127
1.0,0.42292270064353943
1.0,0.42620524764060974
1.0,0.42099010944366455
1.0,0.4220123291015625
1.0,0.4189426004886627
1.0,0.41490277647972107
1.0,0.41739216446876526
1.0,0.409747451543808
1.0,0.40316882729530334
1.0,0.4118032157421112
1.0,0.41152915358543396
1.0,0.4047814905643463
1.0,0.4122774302959442
1.0,0.4272000789642334
1.0,0.4212605953216553
1.0,0.4114467203617096
1.0,0.42334261536598206
1.0,0.4294114410877228
1.0,0.42226576805114746
1.0,0.4132443964481354
1.0,0.40555039048194885
1.0,0.41650667786598206
1.0,0.41922637820243835
1.0,0.42023563385009766
1.0,0.40170764923095703
1.0,0.41472354531288147
1.0,0.41044101119041443
1.0,0.4061602056026459
1.0,0.3983098268508911
1.0,0.3983331620693207
1.0,0.3964563310146332
1.0,0.40552473068237305
1.0,0.41231051087379456
1.0,0.4008072316646576
1.0,0.4008491039276123
1.0,0.39703139662742615
1.0,0.40266597270965576
1.0,0.40305736660957336
1.0,0.40078237652778625
1.0,0.409050315618515
1.0,0.4057292938232422
1.0,0.40441861748695374
1.0,0.409916490316391
1.0,0.4105404317378998
1.0,0.41211846470832825
1.0,0.4096735417842865
1.0,0.4084664285182953
1.0,0.4101780354976654
1.0,0.40686097741127014
1.0,0.4058249890804291
1.0,0.40544453263282776
1.0,0.40177297592163086
1.0,0.4068812131881714
1.0,0.40242791175842285
1.0,0.4003310203552246
1.0,0.40404486656188965
1.0,0.40764880180358887
1.0,0.4054023027420044
1.0,0.41312146186828613
1.0,0.41498884558677673
1.0,0.40521565079689026
1.0,0.4142160415649414
1.0,0.4230732023715973
1.0,0.4261442720890045
1.0,0.4286637306213379
1.0,0.4174385964870453
1.0,0.4151557683944702
1.0,0.4150395095348358
1.0,0.42387184500694275
1.0,0.41694459319114685
1.0,0.41322898864746094
1.0,0.42412686347961426
1.0,0.41480228304862976
1.0,0.4005218744277954
1.4666666984558105,0.4062580168247223
2.0,0.41143450140953064
2.0,0.40157070755958557
2.0,0.40052345395088196
2.0,0.3935491144657135
2.0,0.408935546875
2.0,0.41002535820007324
2.0,0.41088351607322693
2.0,0.423046350479126
2.0,0.4220750331878662
2.0,0.4347328245639801
2.0,0.42089787125587463
2.0,0.42777112126350403
2.0,0.42670249938964844
2.0,0.41282030940055847
2.0,0.4183812439441681
2.0,0.42521294951438904
2.0,0.4253894090652466
2.0,0.4149395227432251
2.0,0.41735967993736267
2.0,0.42658814787864685
2.0,0.4115730822086334
2.0,0.41099128127098083
2.0,0.42098310589790344
2.0,0.4198497235774994
2.0,0.426960825920105
2.0,0.41870734095573425
2.0,0.4198668897151947
2.0,0.4119839668273926
2.0,0.4197516441345215
2.0,0.4166317880153656
2.0,0.42845430970191956
2.0,0.4359561502933502
2.0,0.42449840903282166
2.0,0.43085870146751404
2.0,0.43070611357688904
2.0,0.42858514189720154
2.0,0.4369645118713379
2.0,0.42750218510627747
2.0,0.4312826693058014
2.0,0.44961950182914734
2.0,0.44511738419532776
2.0,0.41481348872184753
2.0,0.41611671447753906
2.0,0.4259040355682373
2.0,0.4308069050312042
2.0,0.41897740960121155
2.0,0.4330395758152008
1.4666666984558105,0.4298419654369354
1.0,0.43508973717689514
1.0,0.43169665336608887
1.0,0.4162043035030365
1.0,0.42459836602211
1.0,0.41650524735450745
1.0,0.4218274652957916
1.0,0.4257265627384186
1.0,0.41476455330848694
1.0,0.42656052112579346
1.0,0.4210726022720337
1.0,0.4192081689834595
1.0,0.4265892505645752
1.0,0.42387470602989197
1.0,0.4181794226169586
1.0,0.4180839955806732
1.0,0.4216042459011078
1.0,0.42325910925865173
1.0,0.4371652603149414
1.0,0.4279170036315918
2.066666603088379,0.42541733384132385
3.0,0.4149555265903473
3.0,0.41407108306884766
3.0,0.42699623107910156
3.0,0.4150179624557495
3.0,0.4166499674320221
3.0,0.4134054183959961
3.0,0.41645774245262146
3.0,0.4140680730342865
3.0,0.40949001908302307
3.0,0.4238835275173187
3.0,0.4157233238220215
3.5333333015441895,0.40043506026268005
4.0,0.3979605734348297
4.0,0.3993990421295166
4.0,0.39652904868125916
4.0,0.4028972089290619
4.0,0.3987031877040863
4.0,0.4115149974822998
4.0,0.40805816650390625
4.5333333015441895,0.40264639258384705
5.0,0.4079194962978363
5.0,0.41136434674263
5.0,0.4045644700527191
4.4666666984558105,0.40694165229797363
4.0,0.4014168679714203
4.0,0.40376830101013184
4.0,0.3971937596797943
3.4000000953674316,0.4022538661956787
3.0,0.39976707100868225
3.0,0.40846264362335205
3.0,0.40139341354370117
3.5999999046325684,0.3988824784755707
4.0,0.3943181037902832
4.0,0.3970291316509247
4.0,0.39693453907966614
4.0,0.40998950600624084
4.0,0.4043649137020111
4.0,0.39589133858680725
4.0,0.40367940068244934
4.0,0.40840208530426025
4.0,0.39984869956970215
4.0,0.40850815176963806
4.0,0.4038412570953369
4.0,0.40333953499794006
4.0,0.4119512140750885
4.0,0.41211381554603577
4.0,0.4180724620819092
3.4000000953674316,0.4154331684112549
3.0,0.4202442169189453
3.0,0.41078224778175354
3.0,0.4169102609157562
3.5999999046325684,0.4167373478412628
4.0,0.42142656445503235
4.0,0.4086730182170868
4.0,0.40674224495887756
4.0,0.3967304229736328
4.0,0.3948465883731842
4.0,0.3949117660522461
4.0,0.4079694449901581
4.599999904632568,0.39472731947898865
5.0,0.40595564246177673
5.0,0.4025460183620453
5.0,0.4021129310131073
5.0,0.4126209020614624
5.0,0.4011235237121582
5.0,0.3984335958957672
5.0,0.4106381833553314
5.0,0.40597769618034363
5.0,0.40547823905944824
5.0,0.396533340215683
5.0,0.3972446024417877
5.0,0.3937018811702728
5.0,0.41400444507598877
5.0,0.40957072377204895
5.0,0.41419100761413574
5.0,0.4176330268383026
5.0,0.40868011116981506
5.0,0.39952078461647034
5.0,0.40136733651161194
4.400000095367432,0.3997058868408203
4.0,0.3958781659603119
4.0,0.3912452757358551
4.0,0.39165040850639343
4.599999904632568,0.3967607021331787
5.0,0.4035884141921997
5.0,0.39937543869018555
5.0,0.4012092053890228
3.799999952316284,0.4034295380115509
3.0,0.41553840041160583
3.0,0.4094298183917999
3.0,0.41957178711891174
3.6666667461395264,0.4202888011932373
4.0,0.4143178462982178
4.0,0.4103059768676758
4.0,0.41571560502052307
4.0,0.4107249081134796
4.0,0.4112151563167572
4.0,0.4028523862361908
4.0,0.4021190404891968
4.0,0.40274038910865784
4.0,0.3979722261428833
4.0,0.4137033224105835
4.0,0.407372385263443
3.3333332538604736,0.415189653635025
3.0,0.41926369071006775
3.0,0.41497859358787537
3.0,0.4107687473297119
4.333333492279053,0.41644588112831116
5.0,0.4068409502506256
5.0,0.4100927412509918
5.0,0.41115519404411316
5.0,0.40934062004089355
5.0,0.4019815921783447
5.0,0.4156224727630615
5.0,0.41692623496055603
3.6666667461395264,0.416253924369812
3.0,0.4059167802333832
3.0,0.41060423851013184
3.0,0.41287508606910706
3.0,0.41075292229652405
3.0,0.4147961437702179
3.0,0.41332271695137024
3.0,0.42176389694213867
3.0,0.4226168096065521
3.0,0.4006778299808502
3.0,0.4171012341976166
3.0,0.40953683853149414
3.0,0.4136742651462555
3.0,0.4239915907382965
3.0,0.4235047399997711
3.0,0.4178355634212494
3.0,0.41898250579833984
3.0,0.4228908121585846
3.0,0.41980865597724915
3.0,0.41469207406044006
3.0,0.4112548828125
3.0,0.40838417410850525
3.0,0.3998781144618988
3.0,0.4016348421573639
3.6666667461395264,0.397397518157959
4.0,0.3946479856967926
4.0,0.3909507691860199
4.0,0.394174188375473
3.3333332538604736,0.3922899663448334
3.0,0.3963600695133209
3.0,0.40358230471611023
3.0,0.3951483964920044
3.0,0.4000723361968994
3.0,0.40042805671691895
3.0,0.40064287185668945
3.0,0.39671310782432556
3.6666667461395264,0.39459487795829773
4.0,0.39541542530059814
4.0,0.3995513916015625
4.0,0.4109206199645996
2.6666667461395264,0.41868987679481506
2.0,0.4318670928478241
2.0,0.42491650581359863
2.0,0.42256030440330505
2.0,0.41512417793273926
2.0,0.4125913679599762
2.0,0.4170200824737549
2.0,0.4193088710308075
1.2666666507720947,0.4246556758880615
1.0,0.4285089075565338
1.0,0.431966632604599
1.0,0.4281696379184723
1.0,0.42047345638275146
1.0,0.40087756514549255
1.0,0.3967551290988922
1.0,0.3972443640232086
1.0,0.3983648717403412
1.0,0.39820003509521484
1.0,0.39521685242652893
1.0,0.39730438590049744
1.0,0.397186279296875
1.0,0.40030792355537415
1.0,0.3975170850753784
1.0,0.3962891101837158
1.0,0.3955249786376953
1.0,0.3969919681549072
1.0,0.39581212401390076
1.0,0.392568439245224
1.0,0.3802151679992676
3.0,0.3848475217819214
3.0,0.41372165083885193
3.0,0.40038514137268066
3.0,0.41139087080955505
3.0,0.40035882592201233
3.0,0.42037996649742126
2.4666666984558105,0.4200548231601715
2.0,0.4016551077365875
2.0,0.407388836145401
1.6666666269302368,0.40318289399147034
1.0,0.4083355665206909
1.0,0.4096994400024414
1.0,0.3892740309238434
1.0,0.39390861988067627
1.0,0.39245495200157166
1.0,0.40084901452064514
1.9333332777023315,0.4010697305202484
2.0,0.40204548835754395
2.0,0.39721202850341797
1.2666666507720947,0.39987412095069885
1.0,0.39684733748435974
1.0,0.3962145149707794
1.0,0.3929210603237152
1.0,0.4090440571308136
1.0,0.3963980972766876
1.3333333730697632,0.41404810547828674
2.0,0.4224887788295746
2.0,0.4214860498905182
1.8666666746139526,0.4204968512058258
1.0,0.40690991282463074
1.0,0.40440163016319275
1.0,0.42085322737693787
1.9333332777023315,0.4218529760837555
2.0,0.4100617468357086
2.0,0.4010922908782959
1.2666666507720947,0.41449782252311707
1.0,0.4179658889770508
1.0,0.41435685753822327
1.0,0.4255090653896332
1.0,0.4123193323612213
1.0,0.4059145152568817
1.0,0.4150165617465973
1.0,0.4159301221370697
1.0,0.4021708071231842
1.0,0.42329373955726624
1.0,0.4161815941333771
1.0,0.40875235199928284
1.0,0.40258803963661194
1.9333332777023315,0.3958326578140259
2.0,0.4123731851577759
2.0,0.39480626583099365
1.2666666507720947,0.42802342772483826
1.0,0.4166025221347809
1.0,0.41259899735450745
2.066666603088379,0.41363057494163513
3.0,0.41111239790916443
3.0,0.4214383661746979
2.3333332538604736,0.422908216714859
1.0,0.4140568673610687
1.0,0.41898801922798157
1.0,0.405985027551651
1.0,0.4088200330734253
1.0,0.4178496301174164
1.0,0.411283403635025
1.0,0.41293004155158997
1.0,0.40626248717308044
1.0,0.4131394326686859
3.933333396911621,0.4169548451900482
5.0,0.41584357619285583
5.0,0.408679723739624
4.4666666984558105,0.42254647612571716
4.0,0.4041859805583954
4.0,0.42171886563301086
4.0,0.4200955331325531
4.0,0.41667667031288147
4.0,0.41147708892822266
3.866666555404663,0.3945040702819824
3.0,0.39798954129219055
3.0,0.40629181265830994
3.0,0.4216160774230957
1.1333333253860474,0.42966654896736145
1.0,0.43529823422431946
1.0,0.42919084429740906
1.7333333492279053,0.42825767397880554
2.0,0.4385633170604706
2.0,0.42038336396217346
1.4666666984558105,0.41490960121154785
1.0,0.4192436635494232
1.0,0.4324634373188019
1.0,0.42886897921562195
1.0,0.39010265469551086
1.0,0.38813987374305725
1.0,0.40113261342048645
1.0,0.4234822690486908
1.0,0.41445064544677734
1.0,0.4030228555202484
1.0,0.40692970156669617
1.0,0.4070710241794586
1.0,0.40019282698631287
1.7333333492279053,0.39906045794487
2.0,0.4063009023666382
2.0,0.4062896966934204
1.4666666984558105,0.3937447965145111
1.0,0.3938544690608978
1.0,0.3970467150211334
1.0,0.40228453278541565
1.0,0.4166983664035797
1.0,0.43171772360801697
1.0,0.4336305558681488
1.0,0.42860499024391174
1.0,0.4072035253047943
1.0,0.4164503812789917
1.0,0.42982742190361023
1.0,0.4219401776790619
1.0,0.4249665439128876
1.0,0.43023812770843506
1.0,0.4027653634548187
1.0,0.3996678292751312
1.5333333015441895,0.4134880006313324
2.0,0.407196044921875
2.0,0.39420822262763977
2.0,0.39201417565345764
2.0,0.39748987555503845
2.0,0.39452481269836426
2.0,0.39121389389038086
2.0,0.3982820212841034
2.0,0.40660953521728516
2.0,0.40143975615501404
2.933333396911621,0.40082716941833496
3.0,0.39938417077064514
3.0,0.4062231481075287
1.5333333015441895,0.4033367931842804
1.0,0.40271374583244324
1.0,0.3959289491176605
1.5333333015441895,0.4031333029270172
2.0,0.4211191236972809
2.0,0.4114464521408081
1.6666666269302368,0.39702773094177246
1.0,0.390653133392334
1.0,0.3906687796115875
1.0,0.40130171179771423
1.0,0.4032975137233734
1.0,0.39604154229164124
1.0,0.39451658725738525
1.9333332777023315,0.3892155587673187
2.0,0.39527833461761475
2.0,0.41656243801116943
1.2666666507720947,0.4081183671951294
1.0,0.400178462266922
1.0,0.39210596680641174
1.0,0.4114046096801758
1.0,0.41424551606178284
1.0,0.43360379338264465
1.0,0.4158666133880615
1.0,0.41175559163093567
1.0,0.4107882082462311
1.0,0.44154980778694153
1.0,0.44986581802368164
1.0,0.43337035179138184
1.0,0.40154728293418884
1.9333332777023315,0.4305126965045929
2.0,0.41749635338783264
2.0,0.3974205255508423
1.2666666507720947,0.39456892013549805
1.0,0.39132437109947205
1.0,0.39328089356422424
1.0,0.40440163016319275
1.0,0.4018893241882324
1.0,0.395155668258667
1.0,0.3869410455226898
1.0,0.388822466135025
1.0,0.39201149344444275
1.0,0.3944563865661621
1.0,0.41339072585105896
1.0,0.3982773721218109
1.0,0.4008655548095703
2.866666555404663,0.393634170293808
3.0,0.3921729326248169
3.0,0.4000966548919678
2.2666666507720947,0.3930225074291229
2.0,0.3890024721622467
2.0,0.387541264295578
2.0,0.4019167721271515
2.0,0.4145619869232178
2.0,0.42640408873558044
2.0,0.4240734875202179
2.0,0.3912770748138428
2.0,0.3922649919986725
1.8666666746139526,0.3926844596862793
1.0,0.3994349539279938
1.0,0.39346396923065186
1.0,0.3944334089756012
1.0,0.4225795567035675
1.0,0.4141429364681244
1.0,0.4322543144226074
1.0,0.4134860038757324
1.0,0.4273822009563446
1.0,0.4115317761898041
1.0,0.43744754791259766
1.0,0.4169188439846039
1.0,0.41342172026634216
1.0,0.4153223931789398
1.0,0.41195717453956604
1.0,0.4303834140300751
1.0,0.4371882379055023
1.0,0.3924398422241211
1.0,0.39393314719200134
1.0,0.38581618666648865
1.0,0.37639427185058594
1.0,0.3750523030757904
1.0,0.387618750333786
1.7333333492279053,0.3841613829135895
2.0,0.4211409091949463
2.0,0.4116334021091461
2.0,0.4070368707180023
2.0,0.401089072227478
2.0,0.3926929533481598
2.0,0.4057304859161377
2.0,0.39591410756111145
2.0,0.39625677466392517
1.8666666746139526,0.4036831855773926
1.0,0.39119580388069153
1.0,0.38763484358787537
1.0,0.39476296305656433
1.0,0.39447546005249023
1.0,0.3857032358646393
1.0,0.3887452781200409
2.4666666984558105,0.39498189091682434
3.0,0.40963006019592285
3.0,0.4011417329311371
1.9333332777023315,0.41049420833587646
1.0,0.4020768105983734
1.0,0.40472841262817383
1.0,0.39614248275756836
1.0,0.39402544498443604
1.0,0.42943474650382996
1.0,0.40611863136291504
1.0,0.3896550238132477
1.0,0.3809983730316162
1.0,0.3875405788421631
1.0,0.3907053470611572
1.0,0.38597941398620605
1.0,0.3803507387638092
1.0,0.37992873787879944
1.0,0.3839646875858307
1.0,0.3803211450576782
1.0,0.3819315433502197
1.0,0.3819390833377838
1.0,0.38997530937194824
1.0,0.3776266276836395
1.0,0.37993788719177246
1.0,0.3829326331615448
1.0,0.37965258955955505
1.0,0.3828388452529907
1.0,0.39148959517478943
1.0,0.3883659839630127
1.0,0.3891734182834625
1.0,0.3881869614124298
1.0,0.3880542516708374
1.0,0.38661321997642517
1.0,0.3922699987888336
1.0,0.3949142396450043
1.5333333015441895,0.40646791458129883
2.0,0.39189597964286804
2.0,0.3923625946044922
2.0,0.40018022060394287
2.0,0.4025900363922119
2.0,0.392715722322464
1.8666666746139526,0.38981854915618896
1.0,0.39490747451782227
1.0,0.38081347942352295
1.0,0.3712935447692871
1.0,0.38103151321411133
1.0,0.3895316421985626
1.0,0.3864075839519501
1.7333333492279053,0.38420894742012024
2.0,0.3892629146575928
2.0,0.3973027765750885
3.066666603088379,0.3894435465335846
4.0,0.3874038755893707
4.0,0.3865233361721039
3.6666667461395264,0.38955390453338623
3.0,0.39391377568244934
3.0,0.39567479491233826
3.133333444595337,0.39065513014793396
4.0,0.39279255270957947
4.0,0.4001309871673584
4.0,0.4047066271305084
4.0,0.394245982170105
4.0,0.3907361924648285
4.0,0.394033282995224
4.0,0.39510488510131836
4.0,0.38227924704551697
4.0,0.42324164509773254
2.4000000953674316,0.40704211592674255
1.0,0.3947015702724457
1.0,0.3994905948638916
1.0,0.4077335298061371
1.0,0.4151057004928589
1.0,0.4235799014568329
1.1333333253860474,0.4122919738292694
2.0,0.4241357743740082
2.0,0.4239862859249115
2.0,0.40876951813697815
2.0,0.423405259847641
2.0,0.39420008659362793
2.0,0.41587671637535095
2.0,0.41496527194976807
2.0,0.40759706497192383
2.0,0.40405192971229553
2.0,0.40679749846458435
2.0,0.39585670828819275
2.0,0.39714542031288147
2.6666667461395264,0.40891262888908386
4.0,0.40988996624946594
4.0,0.39829221367836
4.0,0.39585769176483154
4.0,0.3921257555484772
4.0,0.3899887502193451
4.0,0.3937300145626068
4.0,0.39906367659568787
4.0,0.39436015486717224
4.0,0.39196205139160156
2.5333333015441895,0.3865615427494049
2.0,0.384775310754776
2.0,0.38021597266197205
1.4666666984558105,0.3753465414047241
1.0,0.38819918036460876
1.0,0.3863813579082489
1.0,0.3857475519180298
1.0,0.3842886984348297
1.0,0.38643407821655273
1.0,0.381948858499527
1.0,0.38331368565559387
1.0,0.38085004687309265
1.0,0.4070192873477936
2.866666555404663,0.396698921918869
3.0,0.3944922387599945
3.0,0.3956731855869293
2.2666666507720947,0.39568445086479187
2.0,0.3979915678501129
2.0,0.41140174865722656
2.0,0.41389426589012146
2.0,0.4261291027069092
2.0,0.4211101531982422
2.0,0.4139363467693329
2.0,0.423405259847641
2.0,0.41993021965026855
2.4000000953674316,0.42902037501335144
5.0,0.41421809792518616
5.0,0.43047794699668884
5.0,0.43793416023254395
2.200000047683716,0.42152056097984314
2.0,0.40328875184059143
2.0,0.3860323429107666
1.2666666507720947,0.37408074736595154
1.0,0.3801787793636322
1.0,0.38077712059020996
1.0,0.3765181005001068
1.0,0.37770143151283264
1.0,0.3760570287704468
1.0,0.3792130947113037
1.0,0.3749872148036957
1.0,0.37614235281944275
1.2666666507720947,0.3751901686191559
3.0,0.3767361342906952
3.0,0.38952550292015076
3.0,0.39081844687461853
3.0,0.3878432512283325
3.0,0.3876239061355591
3.0,0.38726934790611267
3.0,0.3843327462673187
3.0,0.3866068422794342
3.0,0.38335633277893066
2.4666666984558105,0.3879798352718353
2.0,0.3905249536037445
2.0,0.38887253403663635
2.0,0.396749883890152
2.0,0.3966301679611206
2.0,0.3964884281158447
2.0,0.38873276114463806
2.0,0.3855472803115845
2.0,0.3932078778743744
2.0,0.38694825768470764
1.0666667222976685,0.38075771927833557
1.0,0.3737129867076874
1.0,0.3852999210357666
1.7333333492279053,0.39526262879371643
2.0,0.3884027302265167
2.0,0.3937917947769165
2.0,0.39253005385398865
2.0,0.39574065804481506
2.0,0.3935979902744293
1.6666666269302368,0.3965398371219635
1.0,0.3966665267944336
1.0,0.41178202629089355
1.0,0.38555869460105896
1.0,0.4013592004776001
1.0,0.3908054828643799
1.0,0.3897985517978668
2.866666555404663,0.3916947841644287
3.0,0.3960820734500885
3.0,0.3996093273162842
2.2666666507720947,0.39541998505592346
2.0,0.3965418338775635
2.0,0.3868426978588104
1.4666666984558105,0.38752496242523193
1.0,0.3898356258869171
1.0,0.38103947043418884
1.0,0.38530993461608887
1.0,0.39592576026916504
1.0,0.3906308710575104
1.0,0.3948628008365631
1.0,0.39030393958091736
1.0,0.393533319234848
1.0,0.3936978876590729
2.866666555404663,0.39511939883232117
3.0,0.3895088732242584
3.0,0.38604915142059326
1.5333333015441895,0.3934260308742523
1.0,0.37828585505485535
1.0,0.3707977831363678
1.0,0.3742523193359375
1.0,0.3725489675998688
1.0,0.378765344619751
1.0,0.3737855851650238
1.0,0.381113201379776
1.0,0.372280478477478
1.0,0.3741109371185303
1.0,0.3779010772705078
1.0,0.37288498878479004
1.0,0.3776435852050781
1.0,0.3754664361476898
1.0,0.37445536255836487
1.0,0.3775063455104828
1.0,0.3711855411529541
1.0,0.37110963463783264
1.0,0.3722192943096161
1.0,0.37703680992126465
1.0,0.3798866271972656
1.0,0.4226100444793701
1.0,0.3842794895172119
1.0,0.3936866223812103
1.0,0.40641918778419495
1.0,0.40512657165527344
1.0,0.4173460900783539
1.0,0.43236079812049866
1.0,0.42333754897117615
1.0,0.41805362701416016
1.0,0.4180450439453125
1.0,0.42014405131340027
1.0,0.42738690972328186
1.0,0.4064830243587494
1.0,0.4130190908908844
1.0,0.41730451583862305
1.0,0.40472790598869324
1.0,0.4191227853298187
1.0,0.4097338616847992
1.0,0.4064218997955322
1.0,0.41293415427207947
1.0,0.42210516333580017
1.0,0.4126567840576172
1.0,0.41135191917419434
1.0,0.4116992950439453
1.0,0.41691911220550537
1.0,0.39428600668907166
1.0,0.4148136079311371
1.0,0.41746625304222107
1.0,0.42614901065826416
1.0,0.4114971160888672
3.0,0.40163135528564453
3.0,0.3987514078617096
3.0,0.3904902935028076
3.0,0.40299490094184875
5.0,0.40257421135902405
5.0,0.3831225633621216
5.0,0.4037567377090454
5.0,0.40561333298683167
5.0,0.41555845737457275
5.0,0.4048252999782562
5.0,0.4052739143371582
5.0,0.39529451727867126
5.0,0.41133198142051697
5.0,0.4111892282962799
5.0,0.40690478682518005
5.0,0.4003143310546875
2.0,0.41361555457115173
2.0,0.41311773657798767
2.0,0.41475820541381836
2.0,0.40199771523475647
1.0,0.4118129312992096
1.0,0.4057236611843109
1.0,0.40394631028175354
1.0,0.4074132442474365
1.0,0.4078713357448578
1.0,0.4251832962036133
1.0,0.4196043014526367
1.0,0.43037906289100647
2.0,0.4307861328125
2.0,0.4169539511203766
2.0,0.4157041311264038
2.0,0.3959313929080963
4.0,0.3903794288635254
4.0,0.38896939158439636
4.0,0.3916178047657013
3.866666555404663,0.38719144463539124
2.0,0.38626304268836975
2.0,0.39619624614715576
2.0,0.3944118022918701
2.066666603088379,0.3962746560573578
3.0,0.4056781828403473
3.0,0.39901480078697205
3.0,0.39772769808769226
2.866666555404663,0.393336683511734
1.0,0.42728400230407715
1.0,0.417337030172348
1.0,0.41455283761024475
1.0,0.3938455581665039
1.0,0.39408835768699646
1.0,0.4052417278289795
1.0,0.4115356504917145
1.1333333253860474,0.4038529694080353
3.0,0.4245135486125946
3.0,0.39387789368629456
3.0,0.4059039056301117
2.866666555404663,0.41643235087394714
1.0,0.4119592607021332
1.0,0.4050080478191376
1.0,0.4083080291748047
1.1333333253860474,0.4231744706630707
3.0,0.40004053711891174
3.0,0.3970266282558441
3.0,0.3907298147678375
2.866666555404663,0.39821386337280273
1.0,0.4196583330631256
1.0,0.4022497236728668
1.0,0.409506231546402
1.0,0.41264259815216064
1.0,0.4141317307949066
1.0,0.4087371826171875
1.0,0.41789567470550537
1.0,0.40971529483795166
1.0,0.4273620545864105
1.0,0.41209444403648376
1.0,0.4122391641139984
1.0,0.399556040763855
1.0,0.40836548805236816
1.0,0.408528596162796
1.0,0.41269442439079285
1.0,0.40969347953796387
1.0,0.4084137976169586
1.0,0.41379284858703613
1.0,0.3979853391647339
1.0666667222976685,0.3928999900817871
2.0,0.39072632789611816
2.0,0.39005327224731445
2.0,0.396393746137619
2.0,0.39620181918144226
2.0,0.40297770500183105
2.0,0.3863781690597534
2.0,0.3872462213039398
2.0,0.3823840618133545
2.0,0.38477572798728943
2.0,0.389058381319046
2.0,0.39073845744132996
1.9333332777023315,0.38273897767066956
1.0,0.3892839848995209
1.0,0.4069892466068268
1.0,0.4093689024448395
1.0,0.4187491834163666
1.0,0.4132308065891266
1.0,0.4114200174808502
1.0,0.4063948690891266
1.0,0.4161406457424164
1.0,0.39402782917022705
1.0,0.3969675302505493
1.0,0.39015063643455505
1.0,0.38723859190940857
1.0,0.38735222816467285
1.0,0.3926704227924347
1.0,0.39722809195518494
1.0,0.3949092924594879
1.0,0.39342960715293884
1.0,0.39866185188293457
1.0,0.40488600730895996
1.0,0.4039090573787689
1.0,0.3956131935119629
1.0,0.42161259055137634
1.0,0.4167875349521637
1.1333333253860474,0.413193941116333
2.0,0.4221370220184326
2.0,0.44350993633270264
2.0,0.41401565074920654
1.8666666746139526,0.42184725403785706
1.0,0.4115297794342041
1.0,0.4054218828678131
1.0,0.4111429750919342
1.1333333253860474,0.41602587699890137
2.0,0.41431093215942383
2.0,0.4067426025867462
2.0,0.41692447662353516
1.8666666746139526,0.40315327048301697
1.0,0.395548015832901
1.0,0.3954788148403168
1.0,0.3931591808795929
1.1333333253860474,0.40065905451774597
2.0,0.39624014496803284
2.0,0.39797309041023254
2.0,0.4020198881626129
2.0,0.4184804856777191
2.0,0.4087982177734375
2.0,0.42705607414245605
2.0,0.4034382998943329
1.8666666746139526,0.41474613547325134
1.0,0.4147821366786957
1.0,0.41729655861854553
1.0,0.3971700668334961
1.0,0.3996148109436035
1.0,0.4173458516597748
1.0,0.4198007881641388
1.0,0.40373191237449646
1.0,0.4105848968029022
1.0,0.3999272584915161
1.0,0.4126826822757721
1.0,0.4141373336315155
1.0,0.4103356897830963
1.0,0.41170868277549744
1.0,0.4090057909488678
1.0,0.39757785201072693
1.0,0.4241182804107666
1.0,0.432821124792099
1.0,0.41493937373161316
1.0,0.4097622334957123
1.399999976158142,0.3967313766479492
4.0,0.39393165707588196
4.0,0.4172985553741455
4.0,0.4162123203277588
3.5999999046325684,0.4169798791408539
1.0,0.4184982478618622
1.0,0.4238288104534149
1.0,0.4230780601501465
1.2000000476837158,0.4234556257724762
2.0,0.40653908252716064
2.0,0.4180772602558136
2.0,0.42496776580810547
1.7999999523162842,0.42564746737480164
1.0,0.42233434319496155
1.0,0.42654189467430115
1.0,0.4215560853481293
1.2000000476837158,0.3937307298183441
2.0,0.40550827980041504
2.0,0.4169786274433136
2.0,0.3987373411655426
1.7999999523162842,0.4273231327533722
1.0,0.42157527804374695
1.0,0.40583673119544983
1.0,0.40099892020225525
1.0,0.41053858399391174
1.0,0.419369101524353
1.0,0.401762992143631
1.0,0.4069764316082001
1.2000000476837158,0.42828020453453064
2.0,0.40961799025535583
2.0,0.40435990691185
2.0,0.4109123945236206
2.4000000953674316,0.41677868366241455
4.0,0.4081873893737793
4.0,0.41427555680274963
4.0,0.42279866337776184
3.4000000953674316,0.4257452189922333
1.0,0.40277183055877686
1.0,0.4225946366786957
1.0,0.42272424697875977
1.0,0.4233304560184479
1.0,0.4067179262638092
1.0,0.42078089714050293
1.0,0.4262434244155884
1.0,0.4207800328731537
1.0,0.39829757809638977
1.0,0.4107803404331207
1.0,0.40643540024757385
1.0,0.4211583137512207
1.0,0.4236539304256439
1.0,0.4109019339084625
1.0,0.3974132537841797
1.0,0.3971477448940277
1.0,0.4021507203578949
1.0,0.42077866196632385
1.0,0.42260298132896423
1.0,0.42917218804359436
1.0,0.42162081599235535
1.0,0.4146168529987335
1.0,0.4068935811519623
1.0,0.4065980613231659
1.0,0.40992096066474915
1.0,0.4020557105541229
1.0,0.41238465905189514
1.0,0.40286746621131897
1.0,0.40834689140319824
1.0,0.41190633177757263
1.0,0.4136745035648346
1.2000000476837158,0.4126581847667694
2.0,0.41649070382118225
2.0,0.420835018157959
2.0,0.41573190689086914
2.5333333015441895,0.42301949858665466
4.0,0.4146861135959625
4.0,0.415371298789978
4.0,0.4035314619541168
4.266666889190674,0.40857067704200745
5.0,0.3992435932159424
5.0,0.3948829472064972
5.0,0.38890302181243896
4.733333110809326,0.39465460181236267
4.0,0.40577268600463867
4.0,0.39716172218322754
4.0,0.3974166810512543
3.7333333492279053,0.39374491572380066
3.0,0.3979339301586151
3.0,0.4038231372833252
3.0,0.40813639760017395
3.0,0.39431658387184143
3.0,0.39306750893592834
3.0,0.39022186398506165
3.0,0.38934728503227234
3.5333333015441895,0.39349815249443054
5.0,0.3963662087917328
5.0,0.3948856294155121
5.0,0.3931436836719513
3.933333396911621,0.3943677842617035
1.0,0.3951238691806793
1.0,0.39479056000709534
1.0,0.3875143527984619
1.0,0.3921440541744232
1.0,0.4410454034805298
1.0,0.41750845313072205
1.0,0.4122645854949951
1.0,0.41859331727027893
1.0,0.4216381311416626
1.0,0.4163179397583008
1.0,0.42565417289733887
1.0,0.42584356665611267
1.0,0.4044206142425537
1.0,0.4153243601322174
1.0,0.4299888610839844
1.0,0.4355103075504303
1.0,0.4210383892059326
1.0,0.4162949025630951
1.0,0.43625912070274353
1.0,0.4076577425003052
1.0,0.40384411811828613
1.0,0.3999035358428955
1.0,0.39956215023994446
1.2666666507720947,0.4023827612400055
2.0,0.40330198407173157
2.0,0.414463609457016
2.0,0.4136788845062256
2.0,0.41261640191078186
2.0,0.42754897475242615
2.0,0.425208181142807
2.0,0.43793538212776184
2.0,0.405093789100647
2.0,0.42855218052864075
2.0,0.41161975264549255
2.0,0.4033010005950928
2.0,0.4095534086227417
2.0,0.42630481719970703
2.0,0.4150438606739044
2.0,0.4227496385574341
2.0,0.41163715720176697
2.0,0.4161593019962311
2.0,0.42150983214378357
2.0,0.4069366753101349
2.3333332538604736,0.4172133505344391
3.0,0.39724382758140564
3.0,0.4038943350315094
3.0,0.4212053716182709
3.3333332538604736,0.4205784797668457
4.0,0.4026699960231781
4.0,0.408915251493454
4.0,0.3919432461261749
4.0,0.4170805513858795
4.0,0.41029536724090576
4.0,0.39694538712501526
4.0,0.416912704706192
3.3333332538604736,0.43117281794548035
2.0,0.43604183197021484
2.0,0.4204292297363281
2.0,0.41510209441185
2.3333332538604736,0.41750606894493103
3.0,0.41498470306396484
3.0,0.4179180860519409
3.0,0.4026792049407959
3.0,0.412365585565567
3.0,0.416862815618515
3.0,0.39605677127838135
3.0,0.3928720951080322
3.0,0.3952094614505768
3.0,0.39249229431152344
3.0,0.3908686637878418
3.0,0.394631028175354
3.0,0.392047256231308
3.0,0.40401291847229004
3.0,0.3934377431869507
3.0,0.3928968012332916
2.6666667461395264,0.40521085262298584
2.0,0.3990844786167145
2.0,0.41929030418395996
2.0,0.4140531122684479
2.3333332538604736,0.3969670236110687
3.0,0.3983095586299896
3.0,0.3970438241958618
3.0,0.4030667245388031
2.6666667461395264,0.4288428723812103
2.0,0.42286908626556396
2.0,0.4073353707790375
2.0,0.43011727929115295
2.0,0.41461363434791565
2.0,0.4099864065647125
2.0,0.41366708278656006
2.0,0.4188729226589203
1.6666666269302368,0.4191981852054596
1.0,0.407700777053833
1.0,0.4025953710079193
1.0,0.40642333030700684
1.0,0.3796178102493286
1.0,0.37925323843955994
1.0,0.37234416604042053
1.0,0.37394842505455017
1.0,0.37236762046813965
1.0,0.3738957643508911
1.0,0.37200650572776794
1.0,0.372551292181015
2.0,0.3958289623260498
2.0,0.3996645510196686
2.0,0.3964345455169678
2.0,0.3922438621520996
2.0,0.39062848687171936
2.0,0.3838961124420166
2.0,0.38453784584999084
2.0,0.39072346687316895
2.0,0.39729833602905273
2.0,0.392005056142807
2.0,0.4021805226802826
2.0,0.4243234097957611
2.0,0.42355337738990784
2.0,0.4048807621002197
2.0,0.4100986421108246
2.0,0.4003794193267822
2.0,0.4098397493362427
2.0,0.41487249732017517
2.0,0.40343916416168213
2.0,0.4156060218811035
2.0,0.41987574100494385
2.0,0.4204142093658447
2.0,0.43098390102386475
2.0,0.41083553433418274
4.0,0.40398526191711426
4.0,0.3931780755519867
4.0,0.38400840759277344
4.0,0.3889579772949219
3.0,0.40237781405448914
3.0,0.4100283682346344
3.0,0.41723814606666565
3.0,0.396840363740921
2.0,0.4135265052318573
2.0,0.4248628318309784
2.0,0.42001286149024963
2.0,0.4079608619213104
2.0,0.40818604826927185
2.0,0.4061843454837799
2.0,0.4016377925872803
2.0,0.40323007106781006
4.0,0.40379324555397034
4.0,0.39971908926963806
4.0,0.39776483178138733
4.0,0.4047273099422455
1.0,0.4053499698638916
1.0,0.4204353392124176
1.0,0.4214510917663574
1.0,0.41573724150657654
1.0,0.446772962808609
1.0,0.43119382858276367
1.0,0.42140069603919983
1.0,0.42411887645721436
1.0,0.43210628628730774
1.0,0.4422561228275299
1.0,0.4498266279697418
1.0,0.4367886483669281
1.0,0.42209187150001526
1.0,0.4199233949184418
1.0,0.43129003047943115
1.0,0.4255709648132324
1.0,0.42636045813560486
1.0,0.4277903139591217
1.0,0.4548241198062897
1.0,0.43300142884254456
1.0,0.42286980152130127
1.0,0.43019771575927734
1.0,0.416751891374588
1.0,0.4182189404964447
1.0,0.4286884367465973
1.0,0.4259413182735443
1.0,0.4424115717411041
1.0,0.43803659081459045
1.0,0.4273809492588043
1.0,0.4308701753616333
1.0,0.4320622980594635
1.1333333253860474,0.43682563304901123
3.0,0.43273887038230896
3.0,0.397066593170166
3.0,0.3914162218570709
3.0,0.3934926986694336
3.0,0.4125799238681793
3.0,0.4026084840297699
3.0,0.4162341356277466
2.866666555404663,0.40937328338623047
1.0,0.39449843764305115
1.0,0.3975773751735687
1.0,0.39779433608055115
1.0,0.40511736273765564
1.0,0.39995333552360535
1.0,0.40654468536376953
1.0,0.3970682621002197
1.0666667222976685,0.41979536414146423
2.0,0.39857956767082214
2.0,0.39547839760780334
2.0,0.3943209648132324
2.0,0.4051090180873871
2.0,0.4094935953617096
2.0,0.39903613924980164
2.0,0.3972581923007965
2.0,0.3969789445400238
2.0,0.41068729758262634
2.0,0.40852871537208557
2.0,0.40482428669929504
2.0,0.409898042678833
2.0,0.41423144936561584
2.0,0.41442760825157166
2.0,0.4073564112186432
1.9333332777023315,0.4082145690917969
1.0,0.4172089099884033
1.0,0.40154990553855896
1.0,0.4001956880092621
1.0,0.39975598454475403
1.0,0.40377068519592285
1.0,0.39805173873901367
1.0,0.41316482424736023
1.0,0.40732526779174805
1.0,0.4044102728366852
1.0,0.3889261782169342
1.0,0.4085513651371002
1.0,0.4110221564769745
1.0,0.3986881971359253
1.0,0.4079335629940033
1.0,0.40247607231140137
1.2000000476837158,0.4062859117984772
4.0,0.4167613685131073
4.0,0.4255940914154053
4.0,0.4312600791454315
3.933333396911621,0.4459829330444336
3.0,0.4405074119567871
3.0,0.43875852227211
3.0,0.443953275680542
3.066666603088379,0.4322245121002197
4.0,0.42750096321105957
4.0,0.43077099323272705
4.0,0.4240466058254242
4.0,0.43483424186706543
4.0,0.42043039202690125
4.0,0.4208642542362213
4.0,0.43731799721717834
4.0,0.40574124455451965
4.0,0.41147860884666443
4.0,0.4046051502227783
4.0,0.3860916793346405
3.5999999046325684,0.3868449628353119
1.0,0.3885972499847412
1.0,0.38986265659332275
1.0,0.38224926590919495
1.399999976158142,0.3956657648086548
4.0,0.43362605571746826
4.0,0.4351060390472412
4.0,0.4319589138031006
4.0,0.4294395446777344
4.0,0.4195490777492523
4.0,0.42677798867225647
4.0,0.43325451016426086
4.0,0.44287148118019104
4.0,0.4322696030139923
4.0,0.4193231165409088
4.0,0.4212002754211426
4.0,0.43793538212776184
4.0,0.4309215247631073
4.0,0.4354133903980255
4.0,0.4372016191482544
3.866666555404663,0.42398083209991455
3.0,0.42266330122947693
3.0,0.392495721578598
3.0,0.42556142807006836
2.7333333492279053,0.41236934065818787
1.0,0.40693143010139465
1.0,0.3981214463710785
1.0,0.3957653045654297
1.0,0.3992399275302887
1.0,0.39258113503456116
1.0,0.3938823938369751
1.0,0.394735723733902
1.1333333253860474,0.3920447826385498
2.0,0.3981644809246063
2.0,0.4231502115726471
2.0,0.41820183396339417
1.8666666746139526,0.42929378151893616
1.0,0.4145514965057373
1.0,0.41741132736206055
1.0,0.4108046591281891
1.0,0.41208943724632263
1.0,0.40525612235069275
1.0,0.4132293164730072
1.0,0.41580674052238464
1.0,0.41314712166786194
1.0,0.42240628600120544
1.0,0.4065864086151123
1.0,0.40968501567840576
1.0,0.40864184498786926
1.0,0.4117013216018677
1.0,0.4230540692806244
1.0,0.42435047030448914
1.0,0.4428184926509857
1.0,0.42910516262054443
1.0,0.4244527518749237
1.0,0.42670726776123047
1.0,0.43013644218444824
1.0,0.42602840065956116
1.0,0.4247044622898102
1.0,0.43219444155693054
1.0,0.4258608818054199
1.0,0.4149964153766632
1.0,0.41556158661842346
1.0,0.42371997237205505
1.0,0.41398000717163086
1.0,0.4215516149997711
1.0,0.4310370981693268
1.0,0.4251246452331543
1.0,0.41133466362953186
1.0,0.40492796897888184
1.0,0.3954641819000244
1.0,0.3969407081604004
1.0,0.43547430634498596
1.0,0.41430774331092834
1.0,0.401132732629776
1.0,0.4093204438686371
1.0,0.41960182785987854
1.0,0.41224655508995056
1.0,0.42625394463539124
1.0,0.41748785972595215
1.0,0.40902987122535706
1.0,0.3977915346622467
1.0,0.3951847553253174
1.0,0.3943740427494049
1.0,0.3979382812976837
1.0,0.39528191089630127
1.0,0.4097433090209961
1.0,0.3990897238254547
1.0,0.39430201053619385
1.0,0.3991977870464325
1.0,0.40716472268104553
1.0,0.4032725989818573
1.0,0.3958241045475006
1.0,0.41018983721733093
1.0,0.40709972381591797
1.0,0.4193372428417206
1.0,0.40469637513160706
1.0,0.39494118094444275
1.0,0.3948087692260742
1.0,0.3909158706665039
1.0,0.3965795040130615
1.0,0.3910207748413086
1.0,0.3912164866924286
1.0,0.38948753476142883
1.0,0.3930847644805908
1.0,0.3919438421726227
1.0,0.39796051383018494
1.0,0.39794740080833435
1.0,0.39695611596107483
1.0,0.39608827233314514
1.0,0.3931117057800293
1.0,0.3943137228488922
1.2000000476837158,0.39903292059898376
2.0,0.39469966292381287
2.0,0.39083442091941833
2.0,0.3924463093280792
2.0,0.39316096901893616
2.0,0.396759033203125
2.0,0.4038277864456177
2.0,0.392191618680954
2.0,0.38866639137268066
2.0,0.3921557366847992
2.0,0.3956589996814728
2.0,0.4006192684173584
2.0,0.3938918113708496
2.0,0.3958810269832611
2.0,0.40545740723609924
2.0,0.3970975875854492
2.0,0.41406282782554626
2.0,0.39545807242393494
2.0,0.39666375517845154
2.0,0.39853572845458984
2.2666666507720947,0.40003764629364014
3.0,0.405264288187027
3.0,0.42444977164268494
3.0,0.4341067969799042
3.0,0.4205586910247803
3.0,0.419699102640152
3.0,0.4192657768726349
3.0,0.421317458152771
3.0,0.41859006881713867
3.0,0.40324798226356506
3.0,0.4218611717224121
3.0,0.4004959166049957
3.0,0.39673447608947754
3.0,0.3935813903808594
3.0,0.3892858922481537
3.0,0.3870309293270111
3.0,0.40352630615234375
3.0,0.39925530552864075
3.0,0.3953460156917572
3.0,0.43132543563842773
3.0,0.4432387351989746
3.0,0.4323570728302002
3.0,0.42051252722740173
3.0,0.40869951248168945
3.0,0.4293454587459564
3.0,0.41738954186439514
3.0,0.41148853302001953
3.0,0.43061748147010803
3.5333333015441895,0.4274284541606903
5.0,0.4217577874660492
5.0,0.4308030605316162
5.0,0.43420639634132385
5.0,0.42617449164390564
5.0,0.41765034198760986
5.0,0.4217543601989746
5.0,0.4110303819179535
5.0,0.42475882172584534
5.0,0.397074818611145
5.0,0.42247816920280457
5.0,0.43323925137519836
5.0,0.42977508902549744
5.0,0.41595301032066345
5.0,0.41823458671569824
5.0,0.4015417993068695
4.199999809265137,0.4000566005706787
2.0,0.40194663405418396
2.0,0.40933725237846375
2.0,0.4071706235408783
2.799999952316284,0.40746545791625977
5.0,0.4084225594997406
5.0,0.4156498610973358
5.0,0.4227907955646515
4.4666666984558105,0.4160667955875397
3.0,0.41598787903785706
3.0,0.41577520966529846
3.0,0.4145563542842865
3.0,0.4121129512786865
3.0,0.40962472558021545
3.0,0.3936304748058319
3.0,0.4098685681819916
3.0,0.4106336534023285
3.0,0.4024699628353119
3.0,0.4040263891220093
3.0,0.3986223638057709
3.0,0.40255260467529297
3.0,0.413392573595047
3.0,0.398296594619751
3.0,0.4221464693546295
3.0,0.4062534272670746
3.0,0.4170149862766266
3.0,0.4033283293247223
3.0,0.3976229131221771
2.6666667461395264,0.4121510982513428
2.0,0.4128537178039551
2.0,0.39852872490882874
2.0,0.39798569679260254
2.0,0.3951861560344696
2.0,0.4006842374801636
2.0,0.39941373467445374
2.0,0.3928728997707367
2.0,0.38986992835998535
2.0,0.39345502853393555
2.0,0.3898603916168213
2.0,0.3912225663661957
2.0,0.39869990944862366
2.0,0.3966330587863922
2.0,0.39965930581092834
2.0,0.4090551435947418
1.6666666269302368,0.3813309669494629
1.0,0.37335196137428284
1.0,0.38629022240638733
1.0,0.3833737075328827
1.0,0.3833703100681305
1.0,0.3865790367126465
1.0,0.38339266180992126
1.0,0.38364163041114807
1.0,0.37243613600730896
1.0,0.37123820185661316
1.0,0.3714948892593384
1.0,0.3788774013519287
1.0,0.381978839635849
1.0,0.38668712973594666
1.0,0.38253021240234375
1.0,0.3811877965927124
1.0,0.38230133056640625
1.0,0.3799861669540405
1.0,0.3734253942966461
3.0,0.3792269229888916
3.0,0.40173694491386414
3.0,0.39733946323394775
3.0,0.3963749408721924
1.0,0.4063487946987152
1.0,0.39700090885162354
1.0,0.3944895565509796
1.0,0.3992246091365814
1.0,0.3984461724758148
1.0,0.3962572515010834
1.0,0.3985922336578369
1.0,0.3942984342575073
1.0,0.3951781988143921
1.0,0.3999462127685547
1.0,0.3974961042404175
1.0,0.38046470284461975
1.0,0.4198305606842041
1.0,0.40973058342933655
1.0,0.41169509291648865
1.0,0.41024717688560486
2.0,0.38899335265159607
2.0,0.38964757323265076
2.0,0.4027158319950104
2.0,0.3934052884578705
3.0,0.396139532327652
3.0,0.4016819894313812
3.0,0.40501537919044495
3.0,0.3932725489139557
3.0,0.39581727981567383
3.0,0.39702048897743225
3.0,0.3962136209011078
3.0,0.3987520635128021
1.0,0.39290308952331543
1.0,0.39293190836906433
1.0,0.3955439031124115
1.0,0.400187224149704
1.0,0.39582180976867676
1.0,0.394696980714798
1.0,0.3911735713481903
1.0,0.3844785690307617
1.0,0.3925715982913971
1.0,0.3818226754665375
1.0,0.3934963643550873
1.0,0.39594411849975586
1.0,0.40810802578926086
1.0,0.4037635624408722
1.0,0.3956886827945709
1.0,0.4003995954990387
1.0,0.4196518361568451
1.0,0.37362027168273926
1.0,0.3973182141780853
1.0,0.3947240114212036
1.0,0.3946200907230377
1.0,0.39130935072898865
1.0,0.3970660865306854
1.0,0.3882106840610504
1.0,0.3928124010562897
1.0,0.39379605650901794
1.0,0.3885670602321625
1.0,0.394181489944458
1.0,0.4081803262233734
1.0,0.4136922359466553
1.0,0.40495967864990234
1.0,0.40152856707572937
2.0,0.41782745718955994
2.0,0.4139537811279297
2.0,0.40737882256507874
1.9333332777023315,0.42417845129966736
1.0,0.40805840492248535
1.0,0.402383416891098
1.0,0.4012486934661865
1.0,0.406900554895401
1.0,0.3977913558483124
1.0,0.4140793979167938
1.0,0.415262371301651
1.0666667222976685,0.4112987220287323
2.0,0.4130740165710449
2.0,0.40592822432518005
2.0,0.41747307777404785
1.9333332777023315,0.41066277027130127
1.0,0.4391563832759857
1.0,0.3824034631252289
1.0,0.3999549448490143
1.0,0.40370360016822815
1.0,0.40479764342308044
1.0,0.3766753375530243
1.0,0.3862725794315338
1.0666667222976685,0.3811197280883789
2.0,0.3787921965122223
2.0,0.3893205225467682
2.0,0.3878183364868164
2.0,0.38844168186187744
2.0,0.38787293434143066
2.0,0.3859049081802368
2.0,0.38477280735969543
2.0,0.38723912835121155
2.0,0.38240471482276917
2.0,0.38277873396873474
2.0,0.38141706585884094
2.0,0.3851815164089203
2.0,0.38958343863487244
2.0,0.38809993863105774
2.0,0.3912986218929291
2.066666603088379,0.3823286294937134
3.0,0.41775599122047424
3.0,0.4243992269039154
3.0,0.4147518575191498
3.0,0.4394877851009369
3.0,0.4242541790008545
3.0,0.4302343428134918
3.0,0.41516685485839844
2.933333396911621,0.4063161313533783
2.0,0.3952767550945282
2.0,0.43232378363609314
2.0,0.39354026317596436
2.0,0.38766205310821533
2.0,0.38746705651283264
2.0,0.41736650466918945
2.0,0.39099445939064026
2.0,0.39067527651786804
2.0,0.3913175165653229
2.0,0.38505157828330994
2.0,0.3854738771915436
1.9333332777023315,0.3877536356449127
1.0,0.39049458503723145
1.0,0.3668477237224579
1.0,0.36799201369285583
1.0,0.37424135208129883
1.0,0.3725222051143646
1.0,0.37439146637916565
1.0,0.379914253950119
1.0,0.3762219250202179
1.0,0.37175488471984863
1.0,0.3719029724597931
1.0,0.3702373504638672
1.0,0.39055368304252625
1.0,0.3786938190460205
1.0,0.3770561218261719
1.0,0.3786247968673706
1.0,0.381807804107666
1.0,0.38178563117980957
1.0,0.38394895195961
1.0,0.38313329219818115
1.0,0.38371542096138
1.0,0.38436222076416016
1.0,0.3856692612171173
1.0,0.3851524293422699
1.1333333253860474,0.40011730790138245
2.0,0.4031444489955902
2.0,0.40070345997810364
2.0,0.4059394299983978
2.0,0.4074948728084564
2.0,0.39761248230934143
2.0,0.39695510268211365
2.0,0.3964942693710327
2.4000000953674316,0.3998434543609619
5.0,0.3972366750240326
5.0,0.41535571217536926
5.0,0.3986758291721344
5.0,0.4008403718471527
5.0,0.39409947395324707
5.0,0.4044182300567627
5.0,0.3981851637363434
5.0,0.4093863070011139
5.0,0.4241686165332794
5.0,0.4121229648590088
5.0,0.3924640119075775
4.4666666984558105,0.3968556821346283
1.0,0.39336633682250977
1.0,0.3993745744228363
1.0,0.3951122462749481
1.1333333253860474,0.39908966422080994
2.0,0.400068074464798
2.0,0.399766206741333
2.0,0.39470532536506653
1.8666666746139526,0.40879908204078674
1.0,0.40521320700645447
1.0,0.36606013774871826
1.0,0.3622945249080658
1.0,0.3739568293094635
1.0,0.3718627393245697
1.0,0.36847829818725586
1.0,0.3685201108455658
1.1333333253860474,0.38078275322914124
2.0,0.39438486099243164
2.0,0.3937574326992035
2.0,0.391491562128067
2.2666666507720947,0.3788081109523773
4.0,0.3841817378997803
4.0,0.3921893537044525
4.0,0.38668641448020935
4.0,0.3951621949672699
4.0,0.4009338915348053
4.0,0.3972994387149811
4.0,0.40228912234306335
4.0,0.4020439088344574
4.0,0.3884565830230713
4.0,0.39370834827423096
4.0,0.38594505190849304
3.866666555404663,0.38778892159461975
3.0,0.38648638129234314
3.0,0.387648344039917
3.0,0.38509368896484375
3.200000047683716,0.3934544324874878
4.0,0.39302858710289
4.0,0.3975773751735687
4.0,0.3972620964050293
4.0,0.3977767527103424
4.0,0.3983916938304901
4.0,0.4119371175765991
4.0,0.4087444245815277
4.0,0.41748225688934326
4.0,0.40396156907081604
4.0,0.39839354157447815
4.0,0.40744590759277344
4.0,0.40779009461402893
4.0,0.3943524658679962
4.0,0.4055751860141754
4.0,0.4208589494228363
3.799999952316284,0.4153694212436676
3.0,0.428689569234848
3.0,0.4223147928714752
3.0,0.41284286975860596
2.5999999046325684,0.4269411563873291
1.0,0.41720566153526306
1.0,0.4093189239501953
1.0,0.40549054741859436
1.2000000476837158,0.4134470224380493
2.0,0.3932696580886841
2.0,0.3969859182834625
2.0,0.3995114266872406
1.7999999523162842,0.40040257573127747
1.0,0.39260008931159973
1.0,0.3890911042690277
1.0,0.3911550045013428
1.2000000476837158,0.392007440328598
2.0,0.3960258960723877
2.0,0.3962787091732025
2.0,0.3960195481777191
2.0,0.3953457772731781
2.0,0.3962791860103607
2.0,0.39059460163116455
2.0,0.3952491283416748
2.0,0.39556869864463806
2.0,0.38982081413269043
2.0,0.39028069376945496
2.0,0.3913603127002716
1.7999999523162842,0.4056435525417328
1.0,0.40920916199684143
1.0,0.4130972921848297
1.0,0.39409399032592773
1.0,0.40777191519737244
1.0,0.41367319226264954
1.0,0.42024412751197815
1.0,0.4254875183105469
1.0,0.4170704782009125
1.0,0.4127483367919922
1.0,0.3958146572113037
1.0,0.3966348171234131
1.0,0.402944415807724
1.0,0.40580081939697266
1.0,0.4018930494785309
1.0,0.399401992559433
1.0,0.39797309041023254
1.0,0.4090692698955536
1.0,0.3995182514190674
1.0,0.40663155913352966
1.0,0.40546926856040955
1.0,0.39535263180732727
1.0,0.3945746123790741
1.0,0.3959842622280121
1.0,0.3949955403804779
1.0,0.3802274763584137
1.0,0.38513123989105225
1.0,0.38797688484191895
1.0,0.384171724319458
1.0,0.38795146346092224
1.0,0.3918941020965576
1.0,0.3914206027984619
1.0,0.38993239402770996
1.0,0.39264050126075745
1.0,0.390880823135376
1.0,0.40256333351135254
1.0,0.3972165584564209
1.0,0.3730948865413666
1.0,0.3675369322299957
1.0,0.3922203481197357
1.0,0.38606253266334534
1.0,0.39464879035949707
1.0,0.3945024907588959
1.0,0.39196959137916565
1.0,0.38819074630737305
1.0,0.3967117369174957
1.0,0.39490482211112976
1.0,0.3976738154888153
1.0,0.39951467514038086
1.0,0.41286253929138184
1.0,0.41732057929039
3.0,0.42224326729774475
3.0,0.41822052001953125
3.0,0.4106181561946869
3.0,0.40917277336120605
1.0,0.42385122179985046
1.0,0.42182695865631104
1.0,0.42338815331459045
1.0,0.41385772824287415
1.0,0.4096401631832123
1.0,0.40064382553100586
1.0,0.39732733368873596
1.0,0.41307878494262695
1.0,0.4122995436191559
1.0,0.4299713671207428
1.0,0.4167368412017822
1.0,0.4062422215938568
1.0,0.40756094455718994
1.0,0.3997056186199188
1.0,0.4040847718715668
1.0,0.3958989083766937
1.0,0.3963955342769623
1.0,0.39641082286834717
1.0,0.3918731212615967
1.0,0.3925591707229614
1.0,0.40432676672935486
1.0,0.39452242851257324
1.0,0.37732601165771484
1.0,0.38747119903564453
1.0,0.3904326856136322
1.0,0.3923570215702057
1.0,0.38873863220214844
1.0,0.3800086975097656
1.0,0.38339197635650635
1.0,0.38640308380126953
1.0,0.3851979970932007
1.0,0.3908640146255493
1.0,0.3930985927581787
1.0,0.40177813172340393
1.0,0.40360936522483826
1.0,0.4059254229068756
1.0,0.4137919843196869
1.0,0.4197957217693329
1.0,0.41898226737976074
1.0,0.4198421239852905
1.0,0.41586074233055115
1.0,0.4020082950592041
1.0,0.40772780776023865
1.0,0.40381869673728943
1.0,0.39779528975486755
1.0,0.40994617342948914
1.0,0.39306116104125977
1.0,0.3970932960510254
1.0,0.41244688630104065
1.0,0.41086944937705994
1.0,0.41158780455589294
1.0,0.42161521315574646
1.0,0.4099394381046295
1.0,0.40531644225120544
1.0,0.4298039376735687
1.0666667222976685,0.42486265301704407
2.0,0.4196946620941162
2.0,0.41187867522239685
2.0,0.42039254307746887
1.9333332777023315,0.4215683043003082
1.0,0.4181854724884033
1.0,0.4175071716308594
1.0,0.42325082421302795
1.0,0.4170088768005371
1.0,0.4127068519592285
1.0,0.4237329065799713
1.0,0.40737125277519226
1.0,0.40691325068473816
1.0,0.42889928817749023
1.0,0.4172631800174713
1.0,0.4249052107334137
1.0,0.4278789460659027
1.0,0.429058313369751
1.0,0.42324137687683105
1.0,0.41502341628074646
1.0,0.4194045960903168
1.0,0.42111191153526306
1.0,0.40730559825897217
1.0,0.3961469829082489
1.0,0.42337751388549805
1.0,0.4111276865005493
1.0,0.4176577031612396
1.0,0.4099724292755127
1.0,0.41771480441093445
1.0,0.4235033690929413
1.0,0.42559757828712463
1.0,0.41149768233299255
1.0,0.40710878372192383
1.0,0.3990013301372528
1.0,0.3928585946559906
1.0,0.40258193016052246
1.0,0.4069072902202606
1.0,0.40856456756591797
1.0,0.4192523956298828
1.0,0.41203436255455017
1.0,0.4028097093105316
1.0,0.4314216375350952
1.0,0.43058666586875916
1.0,0.42711448669433594
1.0666667222976685,0.42648589611053467
2.0,0.41118213534355164
2.0,0.4168466329574585
2.0,0.40290316939353943
1.9333332777023315,0.4037235677242279
1.0,0.41664209961891174
1.0,0.42924585938453674
1.0,0.4297843873500824
1.0,0.4157368838787079
1.0,0.396982342004776
1.0,0.41171908378601074
1.0,0.40789341926574707
1.0666667222976685,0.4210685193538666
2.0,0.4085616171360016
2.0,0.41438427567481995
2.0,0.4074234962463379
1.9333332777023315,0.4047788679599762
1.0,0.40630772709846497
1.0,0.39289793372154236
1.0,0.39377251267433167
1.0,0.3996739387512207
1.0,0.38840803503990173
1.0,0.39582589268684387
1.0,0.402730792760849
1.0,0.4107745587825775
1.0,0.4100220203399658
1.0,0.40432533621788025
1.0,0.3997173309326172
1.2666666507720947,0.4087900221347809
3.0,0.4051709473133087
3.0,0.3909735679626465
3.0,0.3859889507293701
3.0,0.39519938826560974
3.0,0.39915409684181213
3.0,0.41100558638572693
3.0,0.4010383188724518
2.866666555404663,0.4008285701274872
2.0,0.40522468090057373
2.0,0.40842437744140625
2.0,0.41507411003112793
1.8666666746139526,0.42365291714668274
1.0,0.41728582978248596
1.0,0.411668062210083
1.0,0.4195576608181
1.0,0.4287467896938324
1.0,0.40689417719841003
1.0,0.40585431456565857
1.0,0.40928104519844055
1.0,0.4118454158306122
1.0,0.40821146965026855
1.0,0.40715083479881287
1.0,0.4139378070831299
1.2666666507720947,0.4138284921646118
3.0,0.40243589878082275
3.0,0.41613706946372986
3.0,0.40463778376579285
2.7333333492279053,0.4129657745361328
1.0,0.4247678816318512
1.0,0.4149596691131592
1.0,0.4063645899295807
1.0,0.41492757201194763
1.0,0.41355276107788086
1.0,0.43533873558044434
1.0,0.4045626223087311
1.0,0.4254382848739624
1.0,0.4194796085357666
1.0,0.4181725084781647
1.0,0.4191987216472626
1.0,0.4083978831768036
1.0,0.4166392385959625
1.0,0.4050106704235077
1.0,0.40439942479133606
1.0,0.41824546456336975
1.0,0.4012129306793213
1.0,0.4115133285522461
1.0,0.39957213401794434
1.0,0.4032494127750397
1.0,0.41805872321128845
1.0,0.4105418026447296
1.0,0.4179666042327881
1.0,0.4224388599395752
1.0,0.42452335357666016
1.0,0.41044798493385315
1.0,0.3989047706127167
1.2666666507720947,0.41016507148742676
3.0,0.4140636920928955
3.0,0.39857664704322815
3.0,0.3949863910675049
2.799999952316284,0.40769925713539124
2.0,0.41243329644203186
2.0,0.41496673226356506
2.0,0.40286239981651306
1.7999999523162842,0.39686283469200134
1.0,0.41488566994667053
1.0,0.40838003158569336
1.0,0.41824808716773987
1.0,0.42564746737480164
1.0,0.42043694853782654
1.0,0.41135403513908386
1.0,0.40827152132987976
1.0,0.41589435935020447
1.0,0.4162689745426178
1.0,0.4283863604068756
1.0,0.4080296456813812
1.0,0.42516079545021057
1.0,0.4140737056732178
1.0,0.41879358887672424
1.0,0.4213646352291107
1.2000000476837158,0.41889986395835876
2.0,0.4191987216472626
2.0,0.42803311347961426
2.0,0.42815133929252625
1.7999999523162842,0.42217883467674255
1.0,0.4274657666683197
1.0,0.4295400381088257
1.0,0.4070754051208496
1.399999976158142,0.4129859507083893
3.0,0.41849637031555176
3.0,0.421517938375473
3.0,0.4191408157348633
2.799999952316284,0.4382568895816803
2.0,0.425403356552124
2.0,0.4191582500934601
2.0,0.4250449240207672
2.5999999046325684,0.43170595169067383
5.0,0.4141537845134735
5.0,0.4007568359375
5.0,0.4092600345611572
4.400000095367432,0.40942108631134033
2.0,0.41042008996009827
2.0,0.4040049612522125
2.0,0.4027709662914276
2.4000000953674316,0.4052639901638031
4.0,0.42201972007751465
4.0,0.4149186909198761
4.0,0.41872772574424744
3.5999999046325684,0.4135044515132904
2.0,0.413881778717041
2.0,0.4103575050830841
2.0,0.41741809248924255
2.200000047683716,0.42041468620300293
3.0,0.41770198941230774
3.0,0.41655945777893066
3.0,0.42274701595306396
3.0,0.42417073249816895
3.0,0.42823290824890137
3.0,0.43530455231666565
3.0,0.4290687143802643
3.4000000953674316,0.41876187920570374
5.0,0.40201202034950256
5.0,0.42053890228271484
5.0,0.41046392917633057
4.4666666984558105,0.41688084602355957
3.0,0.4000979959964752
3.0,0.4038359224796295
3.0,0.4118724763393402
2.4666666984558105,0.40878555178642273
1.0,0.4256998300552368
1.0,0.4348422586917877
1.0,0.4424038827419281
1.5333333015441895,0.4327198266983032
3.0,0.4340122640132904
3.0,0.4252478778362274
3.0,0.41627073287963867
3.0,0.4234873354434967
3.0,0.40045198798179626
3.0,0.4181823432445526
3.0,0.40236806869506836
2.7333333492279053,0.3965311050415039
2.0,0.39641252160072327
2.0,0.4066981375217438
2.0,0.3968154489994049
2.0,0.4057181775569916
2.0,0.40037116408348083
2.0,0.4060847759246826
2.0,0.427796870470047
2.2666666507720947,0.4228343069553375
3.0,0.406618595123291
3.0,0.41181740164756775
3.0,0.4248919188976288
2.7333333492279053,0.4227730333805084
2.0,0.4251103401184082
2.0,0.4238797128200531
2.0,0.4103333652019501
2.0,0.41679584980010986
2.0,0.4234280288219452
2.0,0.4139414131641388
2.0,0.42711472511291504
2.799999952316284,0.42500436305999756
5.0,0.4183080494403839
5.0,0.4138929843902588
5.0,0.4206736385822296
4.733333110809326,0.407446950674057
4.0,0.4120716154575348
4.0,0.42467451095581055
4.0,0.4242132902145386
3.7333333492279053,0.4224807918071747
3.0,0.43741512298583984
3.0,0.43184134364128113
3.0,0.43759098649024963
3.0,0.4203503429889679
3.0,0.42635759711265564
3.0,0.419914573431015
3.0,0.42741116881370544
3.2666666507720947,0.4272140562534332
4.0,0.4122127592563629
4.0,0.410251259803772
4.0,0.3925321400165558
4.0,0.40957212448120117
4.0,0.4091216027736664
4.0,0.4197312593460083
4.0,0.4257330000400543
3.4666666984558105,0.41666722297668457
2.0,0.4117067754268646
2.0,0.4287620484828949
2.0,0.4394460618495941
2.0,0.4115051031112671
2.0,0.40893206000328064
2.0,0.4171322286128998
2.0,0.4212826192378998
2.3333332538604736,0.4140104055404663
3.0,0.4312751293182373
3.0,0.41777467727661133
3.0,0.41713157296180725
2.6666667461395264,0.42461976408958435
2.0,0.44085273146629333
2.0,0.42028865218162537
2.0,0.4131126403808594
3.0,0.4152560234069824
5.0,0.41780444979667664
5.0,0.4125504493713379
5.0,0.4167444705963135
3.6666667461395264,0.40228280425071716
1.0,0.3888840675354004
1.0,0.4206547439098358
1.0,0.4241757392883301
1.0,0.4179518222808838
1.0,0.40877795219421387
1.0,0.4009648561477661
1.0,0.39607515931129456
1.0,0.3980380594730377
1.0,0.39212703704833984
1.0,0.39495885372161865
1.0,0.41474291682243347
1.3333333730697632,0.4082711637020111
2.0,0.4033529758453369
2.0,0.4175955355167389
2.0,0.4187876284122467
1.6666666269302368,0.4228578805923462
1.0,0.43144097924232483
1.0,0.42683282494544983
1.0,0.43836498260498047
1.3333333730697632,0.41398885846138
2.0,0.4383527934551239
2.0,0.4358879625797272
2.0,0.42096567153930664
2.0,0.40857982635498047
2.0,0.40950116515159607
2.0,0.4002162516117096
2.0,0.4059118926525116
2.3333332538604736,0.43184730410575867
3.0,0.43744730949401855
3.0,0.4329974353313446
3.0,0.43304070830345154
3.0,0.43204331398010254
3.0,0.43880319595336914
3.0,0.4315548837184906
3.0,0.4359603822231293
2.6666667461395264,0.4295600354671478
2.0,0.4259916841983795
2.0,0.42636314034461975
2.0,0.43328896164894104
2.0,0.42159780859947205
2.0,0.3940545618534088
2.0,0.40160849690437317
2.0,0.39466142654418945
2.0,0.39715614914894104
2.0,0.40996184945106506
2.0,0.41129812598228455
2.0,0.4103977680206299
2.0,0.42229127883911133
2.0,0.42063817381858826
2.0,0.4361763894557953
2.0,0.43179798126220703
2.0,0.4252552092075348
2.0,0.42654284834861755
2.0,0.42328953742980957
2.0,0.4254678785800934
2.799999952316284,0.4275107681751251
4.0,0.40341368317604065
4.0,0.39550164341926575
4.0,0.4022779166698456
3.200000047683716,0.4009590148925781
2.0,0.4181016981601715
2.0,0.42229267954826355
2.0,0.4241478443145752
2.0,0.4172360599040985
2.0,0.42397966980934143
2.0,0.4267973005771637
2.0,0.4283962547779083
2.0,0.40768107771873474
2.0,0.3982422351837158
2.0,0.40408650040626526
2.0,0.397302508354187
2.0,0.398627907037735
2.0,0.41318750381469727
2.0,0.43151459097862244
2.0,0.4355041980743408
3.200000047683716,0.426128625869751
5.0,0.4237384796142578
5.0,0.4068385660648346
5.0,0.4105193614959717
3.799999952316284,0.40226879715919495
2.0,0.39978671073913574
2.0,0.40743669867515564
2.0,0.403029203414917
2.799999952316284,0.42007550597190857
4.0,0.4255737066268921
4.0,0.4169088900089264
4.0,0.4280385971069336
3.5999999046325684,0.42508968710899353
3.0,0.3958936631679535
3.0,0.4162907600402832
3.0,0.39219340682029724
3.4000000953674316,0.41158604621887207
4.0,0.41780033707618713
4.0,0.4319990575313568
4.0,0.43170586228370667
3.5999999046325684,0.4279407262802124
3.0,0.41838422417640686
3.0,0.4200795888900757
3.0,0.42747965455055237
3.4000000953674316,0.42285263538360596
4.0,0.42295947670936584
4.0,0.42487213015556335
4.0,0.4106281101703644
3.200000047683716,0.3983677923679352
2.0,0.41014036536216736
2.0,0.4125528037548065
2.0,0.4065287411212921
2.799999952316284,0.4270913600921631
4.0,0.4117281138896942
4.0,0.41133347153663635
4.0,0.432675838470459
3.200000047683716,0.43634891510009766
2.0,0.42605113983154297
2.0,0.4266577661037445
2.0,0.4236719608306885
2.799999952316284,0.42797067761421204
4.0,0.40059804916381836
4.0,0.3990531861782074
4.0,0.39546191692352295
3.5333333015441895,0.4100240170955658
3.0,0.3956321179866791
3.0,0.4049908220767975
3.0,0.42947497963905334
3.0,0.42032870650291443
3.0,0.42641592025756836
3.0,0.4203435182571411
3.0,0.4298003613948822
3.0,0.42129144072532654
3.0,0.4256761968135834
3.0,0.43108394742012024
3.0,0.41655707359313965
2.5333333015441895,0.40017497539520264
2.0,0.39728251099586487
2.0,0.40086618065834045
2.0,0.3974289894104004
2.0,0.40403804183006287
2.0,0.403496652841568
2.0,0.41157278418540955
2.0,0.4144250452518463
2.0,0.40580496191978455
2.0,0.40908220410346985
2.0,0.40757250785827637
2.0,0.40818604826927185
2.933333396911621,0.40201202034950256
4.0,0.40673112869262695
4.0,0.43257156014442444
4.0,0.4148538112640381
3.066666603088379,0.39367079734802246
2.0,0.41898313164711
2.0,0.4124484062194824
2.0,0.4121871888637543
1.5333333015441895,0.428325891494751
1.0,0.4178585708141327
1.0,0.40926337242126465
1.0,0.42674341797828674
1.9333332777023315,0.41598987579345703
3.0,0.4063023626804352
3.0,0.42637500166893005
3.0,0.4229694604873657
2.5333333015441895,0.4142952263355255
2.0,0.41661497950553894
2.0,0.4229922294616699
2.0,0.41380205750465393
2.0,0.4276697635650635
2.0,0.4442731440067291
2.0,0.422497421503067
2.0,0.4221400320529938
2.0,0.4298757016658783
2.0,0.4210158586502075
2.0,0.42241692543029785
2.0,0.4072026312351227
2.0,0.4138542413711548
2.0,0.4122757911682129
2.0,0.4322251081466675
2.0,0.4299220144748688
2.0,0.4302072823047638
2.0,0.4359504282474518
2.0,0.4435148239135742
2.0,0.4307467043399811
2.0,0.4403412342071533
2.0,0.42957544326782227
2.0,0.42112112045288086
2.0,0.41436538100242615
1.5333333015441895,0.42022261023521423
1.0,0.4271657466888428
1.0,0.41573527455329895
1.0,0.4215652048587799
1.0,0.41019734740257263
1.0,0.40094229578971863
1.0,0.42069315910339355
1.0,0.41039514541625977
2.066666603088379,0.412249892950058
3.0,0.4104360044002533
3.0,0.42044171690940857
3.0,0.4174482822418213
3.5333333015441895,0.41158756613731384
4.0,0.41224002838134766
4.0,0.40157079696655273
4.0,0.40770551562309265
2.933333396911621,0.41556891798973083
2.0,0.4095365107059479
2.0,0.4058913290500641
2.0,0.40651580691337585
2.0,0.4006558358669281
1.0,0.3976937532424927
1.0,0.395923376083374
1.0,0.39684057235717773
1.0,0.39466342329978943
1.0,0.40082216262817383
1.0,0.40716788172721863
1.0,0.40103593468666077
1.0,0.38818469643592834
1.0,0.3888136148452759
1.0,0.39222538471221924
1.0,0.39298275113105774
1.0,0.38996610045433044
1.0,0.3962360918521881
1.0,0.38582801818847656
1.0,0.38791677355766296
1.0,0.39169371128082275
1.0,0.39514920115470886
1.0,0.39437127113342285
1.0,0.4009101092815399
1.0,0.3917360305786133
1.0,0.39043864607810974
1.0,0.3897967040538788
1.0,0.3871588706970215
1.0,0.38350749015808105
1.0,0.3856315314769745
1.0,0.3841169774532318
1.0,0.38396963477134705
1.0,0.38478532433509827
1.0,0.3928617537021637
1.0,0.39756426215171814
1.0,0.3894106447696686
1.0,0.386425644159317
1.0,0.39242473244667053
1.0,0.38228651881217957
1.0,0.3884173333644867
1.0,0.38480421900749207
1.0,0.39314189553260803
1.0,0.39601564407348633
2.200000047683716,0.38971272110939026
3.0,0.3965055048465729
3.0,0.4018634855747223
3.4000000953674316,0.4068838357925415
4.0,0.3997832238674164
4.0,0.4074594974517822
4.0,0.4094286859035492
4.0,0.4005873203277588
4.0,0.39311864972114563
4.0,0.4051283299922943
4.0,0.40920814871788025
4.0,0.4096856117248535
4.0,0.41736912727355957
4.0,0.4187294542789459
4.0,0.42077556252479553
4.0,0.40325990319252014
4.0,0.40733376145362854
4.0,0.40318727493286133
4.0,0.41150274872779846
2.799999952316284,0.3976609706878662
1.0,0.3982384502887726
1.0,0.39410272240638733
1.0,0.39126285910606384
1.0,0.38761040568351746
1.0,0.39097368717193604
1.0,0.3880734443664551
1.0,0.38650718331336975
1.0,0.39258459210395813
1.0,0.39339813590049744
1.0,0.39586591720581055
1.0,0.39375999569892883
1.0,0.39373061060905457
1.0,0.39709827303886414
1.0,0.3959556519985199
1.0,0.39391112327575684
1.0,0.38897958397865295
1.0,0.383035808801651
1.0,0.38513123989105225
1.0,0.38418856263160706
1.0,0.38822731375694275
1.0,0.3891497850418091
1.0,0.38913020491600037
1.0,0.3880537450313568
1.0,0.39038896560668945
1.0,0.3854304552078247
1.0,0.38331103324890137
1.0,0.3869587182998657
1.0,0.387429803609848
1.0,0.3906179368495941
1.0,0.3920535147190094
1.0,0.3910244405269623
1.0,0.38559117913246155
1.0,0.38326144218444824
1.0,0.38857269287109375
1.0,0.38992318511009216
1.0,0.38747450709342957
1.0,0.3977627754211426
1.0,0.3985356390476227
1.0,0.39441633224487305
1.0,0.3907688558101654
1.0,0.39320388436317444
1.0,0.3925971984863281
1.0,0.40155163407325745
1.0,0.3973393440246582
1.0,0.3950662612915039
1.0,0.4067886173725128
1.0,0.41755983233451843
1.4666666984558105,0.3985120356082916
2.0,0.41209736466407776
2.0,0.40060052275657654
2.2666666507720947,0.3964841365814209
3.0,0.3987795114517212
3.0,0.4144059121608734
2.866666555404663,0.4046001434326172
1.0,0.3974722921848297
1.0,0.41216230392456055
1.0,0.42519375681877136
1.0,0.4175786077976227
1.0,0.40686526894569397
1.0,0.4130643308162689
1.0,0.418420672416687
1.0,0.4239821434020996
1.0,0.426229864358902
1.0,0.4057222902774811
1.0,0.41799426078796387
1.0,0.41841092705726624
1.0,0.4160241186618805
1.0,0.41799724102020264
1.0,0.4150368869304657
1.0,0.4094315767288208
1.0,0.4188319146633148
1.0,0.41602733731269836
1.0,0.4086960256099701
1.0,0.4080258905887604
1.0,0.4186251163482666
1.0,0.41776061058044434
1.0,0.41052722930908203
1.0,0.41196897625923157
1.0,0.4120585024356842
1.0,0.42270421981811523
1.0,0.4072304666042328
1.0,0.4123629629611969
1.0,0.4016261100769043
1.0,0.4052245616912842
1.0,0.41123104095458984
1.0,0.41775164008140564
1.0,0.40560540556907654
1.0,0.3864178955554962
1.0,0.38191166520118713
1.0,0.3891615867614746
1.0,0.39413055777549744
1.0,0.41337132453918457
1.7333333492279053,0.39658674597740173
2.0,0.3925894796848297
2.0,0.3941599428653717
2.0,0.3907846510410309
2.0,0.3921941816806793
2.0,0.3923753798007965
2.0,0.3922398090362549
2.0,0.39199599623680115
2.0,0.3913958966732025
1.8666666746139526,0.387607216835022
1.0,0.38604268431663513
1.0,0.3938714563846588
1.0,0.38609743118286133
1.0,0.3834306299686432
1.0,0.39049315452575684
1.0,0.391722708940506
1.0,0.39328595995903015
1.0,0.3904294967651367
1.0,0.38474926352500916
1.0,0.3852720260620117
1.0,0.3797425925731659
1.0,0.385140985250473
1.0,0.389658123254776
1.0,0.3892747461795807
1.0,0.38698387145996094
1.399999976158142,0.38779744505882263
4.0,0.3875564634799957
4.0,0.38513877987861633
4.0,0.38769879937171936
4.0,0.38818320631980896
4.0,0.39203038811683655
4.0,0.39085912704467773
1.7999999523162842,0.385019987821579
1.0,0.3886595666408539
1.0,0.39591822028160095
1.0,0.3873964250087738
1.0,0.39114680886268616
1.0,0.38803067803382874
1.0,0.3897639811038971
1.0,0.38885799050331116
1.0,0.38951972126960754
1.0,0.38625597953796387
1.0,0.3866923749446869
1.0,0.3903626501560211
1.0,0.40175914764404297
1.0,0.3948628902435303
1.0,0.390209436416626
1.0,0.39389920234680176
1.0,0.4065231382846832
1.0,0.41285595297813416
1.0,0.4124927520751953
1.0,0.393826961517334
1.0,0.3941730558872223
1.0,0.3924882411956787
1.0,0.38909614086151123
1.0,0.39061498641967773
1.0,0.383954256772995
1.0,0.38398751616477966
1.0,0.3942861258983612
1.0,0.39658817648887634
1.0,0.39265045523643494
1.0,0.38666605949401855
1.0,0.3828463852405548
1.0,0.3819582760334015
1.0,0.3817552328109741
1.0,0.38244643807411194
1.0,0.38255810737609863
1.0,0.3815663754940033
1.0,0.3836979568004608
1.0,0.38810014724731445
1.0,0.38073500990867615
1.0,0.37821221351623535
1.0,0.38101354241371155
1.0,0.3827432096004486
1.0,0.3821578919887543
1.0,0.3810596466064453
1.0,0.3820744454860687
1.0,0.38323500752449036
1.0,0.3831436336040497
1.0,0.3773299753665924
1.0,0.3809730112552643
1.0,0.37824782729148865
1.0,0.3857172429561615
1.0,0.38974425196647644
1.0,0.38952359557151794
1.0,0.3873864710330963
1.0,0.3867109715938568
1.0,0.38703620433807373
1.0,0.38413119316101074
1.0,0.3806910812854767
1.0,0.37725111842155457
1.0,0.3828258514404297
1.0,0.38283196091651917
1.0,0.38871559500694275
1.0,0.3884277641773224
1.0,0.38566622138023376
1.0,0.3851335048675537
1.0,0.3877135217189789
1.0,0.385007381439209
1.0,0.389355331659317
1.0,0.3932165205478668
1.0,0.39248141646385193
1.0,0.3875196874141693
1.0,0.395239919424057
1.0,0.3941151201725006
1.0,0.39230790734291077
1.0,0.3874918520450592
1.0,0.39935362339019775
1.0,0.3904079496860504
1.0,0.39416202902793884
1.0,0.4006367623806
1.0,0.41448310017585754
1.0,0.3968263566493988
1.0,0.3892993927001953
1.0,0.3925880491733551
1.0,0.3952083885669708
1.0,0.408083438873291
1.0,0.40557920932769775
1.0,0.3948662579059601
1.0,0.3937319219112396
1.0,0.41059958934783936
1.5333333015441895,0.38981595635414124
3.0,0.3893502652645111
3.0,0.38729211688041687
3.0,0.3899974822998047
3.0,0.38959217071533203
3.0,0.3920416831970215
3.0,0.3918103277683258
1.2666666507720947,0.4012587070465088
1.0,0.396758109331131
1.0,0.39969849586486816
1.6666666269302368,0.39242228865623474
2.0,0.3951548635959625
2.0,0.39221903681755066
2.0,0.3921755850315094
2.0,0.3899911344051361
2.0,0.3907511532306671
2.0,0.3889765441417694
2.0,0.3854151666164398
2.0,0.3940757215023041
2.0,0.38879600167274475
2.0,0.3867506980895996
2.0,0.38376083970069885
2.0,0.37946024537086487
2.0,0.38832974433898926
2.0,0.37689366936683655
2.0,0.3908626139163971
2.0,0.3813014328479767
2.0,0.37143659591674805
2.0,0.3856601417064667
2.0,0.38129734992980957
2.0,0.3840384781360626
2.0,0.3829369843006134
2.0,0.37182459235191345
2.0,0.38426676392555237
2.0,0.3832501173019409
2.0,0.3832113742828369
2.0,0.3813764154911041
2.0,0.38174113631248474
2.0,0.38353633880615234
2.866666555404663,0.3836352825164795
3.0,0.3796435296535492
3.0,0.3904212415218353
3.0,0.3877464234828949
3.0,0.38957417011260986
3.0,0.38735827803611755
3.0,0.3883328139781952
3.0,0.38763365149497986
3.0,0.38490989804267883
3.0,0.3919709622859955
3.0,0.38996002078056335
3.0,0.39123138785362244
2.933333396911621,0.38646915555000305
2.0,0.3947125971317291
2.0,0.38090261816978455
2.0,0.3842860460281372
2.0,0.3823017179965973
2.0,0.3904745876789093
2.0,0.38703489303588867
2.0,0.38765570521354675
2.0,0.3932781219482422
2.0,0.3845383822917938
2.0,0.37683209776878357
2.0,0.378411203622818
2.0,0.3851691782474518
2.0,0.38782456517219543
2.0,0.3894226551055908
2.0,0.37895262241363525
1.8666666746139526,0.38150131702423096
1.0,0.3747769892215729
1.0,0.37475883960723877
1.0,0.3757988512516022
1.9333332777023315,0.3813486099243164
2.0,0.3828345835208893
2.0,0.3880758285522461
2.0,0.39421001076698303
2.0,0.3941700756549835
2.0,0.4052259027957916
2.0,0.39951351284980774
2.0,0.3898460865020752
2.0,0.3792121112346649
2.0,0.3921670913696289
2.0,0.38459280133247375
2.0,0.38225093483924866
2.0,0.3810133635997772
2.0,0.38158345222473145
2.0,0.3843592703342438
2.0,0.3834942877292633
2.0,0.3783682882785797
2.0,0.3703134059906006
2.0,0.3907722234725952
1.2666666507720947,0.3896784782409668
1.0,0.393801212310791
1.0,0.38578709959983826
1.0,0.3810240924358368
1.0,0.3816457688808441
1.0,0.38366952538490295
1.0,0.3826373815536499
1.0,0.3809680640697479
1.0,0.3902331292629242
1.0,0.3877037763595581
1.0,0.39031824469566345
1.0,0.3841380178928375
1.0,0.3792983293533325
2.866666555404663,0.3775520324707031
3.0,0.3756035268306732
3.0,0.3781226575374603
2.2666666507720947,0.38240572810173035
2.0,0.3832734525203705
2.0,0.3762756884098053
2.0,0.3886775076389313
2.0,0.39090004563331604
2.0,0.39089640974998474
2.6666667461395264,0.3949691951274872
4.0,0.39787566661834717
4.0,0.3901379108428955
4.0,0.393566370010376
4.0,0.3926997184753418
4.0,0.39272984862327576
4.0,0.39264240860939026
4.0,0.3881583511829376
4.0,0.39337873458862305
4.0,0.3870694637298584
4.0,0.3893451690673828
4.0,0.3907718360424042
4.0,0.39482665061950684
4.0,0.3906871974468231
4.0,0.3984757363796234
4.0,0.3956613838672638
4.0,0.3920443058013916
4.0,0.3898364305496216
4.0,0.3944050371646881
4.0,0.3986530303955078
4.0,0.39114972949028015
4.0,0.39350807666778564
4.0,0.3906698226928711
1.0,0.38256239891052246
1.0,0.3915233612060547
1.0,0.40178021788597107
1.0,0.39228400588035583
1.0,0.3923610746860504
1.0,0.3904540538787842
1.0,0.39069700241088867
1.0,0.39173921942710876
1.0,0.39305487275123596
1.0,0.38468828797340393
1.0,0.3935128450393677
1.0,0.3879706859588623
1.0,0.38725900650024414
1.0,0.3897368013858795
1.0,0.3919539749622345
1.0,0.3922445774078369
1.0,0.3923843204975128
1.0,0.3917292058467865
1.0,0.3928860127925873
1.0,0.3915588855743408
1.0,0.39644697308540344
1.0,0.3879486620426178
2.799999952316284,0.38355597853660583
4.0,0.3987133800983429
4.0,0.3899978697299957
4.0,0.38841161131858826
4.0,0.38968491554260254
4.0,0.3873114585876465
4.199999809265137,0.3816799223423004
5.0,0.38573789596557617
5.0,0.38932767510414124
5.0,0.38940826058387756
5.0,0.38905930519104004
5.0,0.38437238335609436
5.0,0.3838164806365967
4.199999809265137,0.3890995979309082
4.0,0.38505005836486816
4.0,0.376552551984787
2.200000047683716,0.374261736869812
1.0,0.3738364279270172
1.0,0.3875292241573334
1.0,0.38441577553749084
1.0,0.3789309561252594
1.0,0.3778088092803955
1.0,0.38127800822257996
1.0,0.3881453573703766
1.0,0.3872406482696533
1.0,0.3790503740310669
1.0,0.37876996397972107
1.0,0.3828457295894623
1.0,0.3859042227268219
1.0,0.3850496709346771
1.0,0.3828125
1.0,0.3941796123981476
1.0,0.39104071259498596
1.0,0.3860969543457031
1.0,0.3879767656326294
1.399999976158142,0.3933967053890228
2.0,0.39055487513542175
2.0,0.38823506236076355
2.0,0.38675937056541443
2.0,0.38837572932243347
2.0,0.39021649956703186
2.0,0.3932785093784332
2.0,0.39253678917884827
2.0,0.38885095715522766
2.0,0.38896480202674866
2.0,0.38906145095825195
2.0,0.39201974868774414
2.0,0.39008280634880066
4.0,0.3861442506313324
5.0,0.38532236218452454
5.0,0.38830485939979553
5.0,0.3799179494380951
5.0,0.38193216919898987
5.0,0.3823641240596771
5.0,0.3877917230129242
5.0,0.3852675259113312
5.0,0.3790743350982666
5.0,0.38047611713409424
5.0,0.38159480690956116
5.0,0.3811124265193939
5.0,0.38138142228126526
4.133333206176758,0.3907167911529541
4.0,0.3865344524383545
4.0,0.38654008507728577
4.0,0.3921273648738861
4.0,0.3952142298221588
4.0,0.38940033316612244
4.0,0.3962741196155548
4.0,0.3895580768585205
4.0,0.38743993639945984
3.4666666984558105,0.3954330384731293
2.0,0.3907201588153839
2.0,0.3929710388183594
2.066666603088379,0.3955012559890747
3.0,0.3823157250881195
3.0,0.3907707631587982
3.0,0.39383789896965027
2.133333444595337,0.3927443325519562
2.0,0.3865177631378174
2.0,0.39501309394836426
2.6666667461395264,0.38820961117744446
3.0,0.38757047057151794
3.0,0.3878304064273834
3.933333396911621,0.38747477531433105
5.0,0.3884623348712921
5.0,0.39223065972328186
5.0,0.39498886466026306
5.0,0.39153873920440674
5.0,0.39194750785827637
5.0,0.3972710072994232
5.0,0.3949078619480133
5.0,0.3932248651981354
5.0,0.39174893498420715
3.2666666507720947,0.3871764838695526
3.0,0.3920912742614746
3.0,0.3916660249233246
3.0,0.38807013630867004
3.0,0.3910541534423828
3.0,0.38861632347106934
3.0,0.3909805715084076
3.0,0.39987215399742126
3.0,0.38888344168663025
3.0,0.3939543068408966
3.0,0.3885157108306885
3.0,0.3855912685394287
3.0,0.3949853479862213
3.0,0.39296993613243103
3.0,0.38924017548561096
3.0,0.39257732033729553
3.0,0.3891863524913788
3.0,0.3895479440689087
3.0,0.3900134563446045
3.7333333492279053,0.39021870493888855
4.0,0.3927391767501831
4.0,0.3932742178440094
4.5333333015441895,0.39108920097351074
5.0,0.3948473036289215
5.0,0.3937190771102905
5.0,0.3878687918186188
5.0,0.3895191252231598
5.0,0.39326635003089905
4.866666793823242,0.3941955268383026
4.0,0.3970520496368408
4.0,0.3966788351535797
4.0,0.4013345241546631
4.0,0.39520323276519775
4.0,0.4019180238246918
4.0,0.40113797783851624
4.0,0.39400649070739746
4.0,0.3907874524593353
4.0,0.3941170275211334
4.0,0.3936632573604584
4.0,0.39509329199790955
4.0,0.393113374710083
4.333333492279053,0.39286819100379944
5.0,0.3949016332626343
5.0,0.39179912209510803
4.866666793823242,0.38798975944519043
4.0,0.3873119652271271
4.0,0.3910686671733856
4.0,0.39109158515930176
4.933333396911621,0.4035392701625824
5.0,0.39966168999671936
5.0,0.3937879502773285
3.5333333015441895,0.3981196880340576
3.0,0.4065282344818115
3.0,0.3967704474925995
2.4666666984558105,0.39161384105682373
2.0,0.39470335841178894
2.0,0.39076247811317444
2.6666667461395264,0.383021742105484
4.0,0.39232054352760315
4.0,0.39683589339256287
4.133333206176758,0.3894769251346588
5.0,0.3868081271648407
5.0,0.3846447467803955
5.0,0.3934670388698578
5.0,0.3932357728481293
5.0,0.38664570450782776
5.0,0.3886406421661377
5.0,0.4023658335208893
5.0,0.3964715003967285
5.0,0.38131096959114075
2.866666555404663,0.384802907705307
1.0,0.38949480652809143
1.0,0.3956749141216278
1.0,0.38939428329467773
1.0,0.3756115734577179
1.0,0.3752082586288452
1.5333333015441895,0.37848272919654846
5.0,0.3855079412460327
5.0,0.38829049468040466
5.0,0.3839048445224762
3.0,0.3783096969127655
3.0,0.38118740916252136
3.0,0.38348397612571716
3.0,0.3868492543697357
3.0,0.3808847963809967
3.0,0.38846054673194885
1.7999999523162842,0.388535737991333
1.0,0.38212570548057556
1.0,0.37693771719932556
2.200000047683716,0.3850735127925873
4.0,0.38913270831108093
4.0,0.3888929784297943
3.5999999046325684,0.38581371307373047
2.0,0.3886736333370209
2.0,0.3860229253768921
2.0,0.387387752532959
3.0,0.3910829722881317
3.0,0.37838003039360046
3.0,0.37801384925842285
3.0,0.3825663626194
3.0,0.3925100862979889
3.0,0.39024969935417175
3.0,0.3857097923755646
3.0,0.38105320930480957
3.0,0.3812035620212555
3.0,0.3828524649143219
3.0,0.38469791412353516
3.0,0.38490328192710876
2.799999952316284,0.3852231502532959
2.0,0.38337597250938416
2.0,0.37989625334739685
2.0,0.3811444938182831
3.0,0.3818107545375824
3.0,0.38171252608299255
3.0,0.37834492325782776
3.0,0.3841729164123535
3.0,0.3829197883605957
3.0,0.3873494565486908
3.0,0.38818201422691345
3.0,0.39687347412109375
3.0,0.39116978645324707
2.5999999046325684,0.3852960169315338
2.0,0.3946532905101776
2.0,0.39336928725242615
2.0,0.39551249146461487
2.0,0.38989973068237305
2.0,0.38970014452934265
2.0,0.38537946343421936
3.0,0.38442155718803406
3.0,0.3896012008190155
3.0,0.3879505395889282
3.0,0.3906843960285187
3.0,0.3831130266189575
3.0,0.3933934271335602
3.0,0.3817979395389557
3.0,0.3956105411052704
3.0,0.3853447437286377
3.799999952316284,0.3829002380371094
5.0,0.38031110167503357
5.0,0.3872869312763214
4.199999809265137,0.3902378976345062
1.0,0.3916759490966797
1.0,0.3900786340236664
1.0,0.39002132415771484
2.0,0.39632606506347656
2.0,0.3819047510623932
2.0,0.38720813393592834
1.1333333253860474,0.39066293835639954
1.0,0.38870301842689514
1.0,0.38201799988746643
1.6666666269302368,0.38133224844932556
2.0,0.3822668492794037
2.0,0.38032960891723633
2.0,0.37951144576072693
2.0,0.3819044530391693
2.0,0.38663753867149353
2.0,0.38673076033592224
2.0,0.38736987113952637
2.0,0.3818727433681488
2.0,0.3922831118106842
2.0,0.3896566331386566
2.0,0.3919980823993683
2.0,0.38253656029701233
1.1333333253860474,0.38107720017433167
1.0,0.37230947613716125
1.0,0.37872305512428284
1.0,0.3726867139339447
1.0,0.3838314712047577
1.0,0.37520626187324524
1.4666666984558105,0.3932627737522125
2.0,0.3894152343273163
2.0,0.38039305806159973
2.0,0.3860577642917633
2.0,0.3857257068157196
2.0,0.39661017060279846
2.0,0.39334893226623535
2.0,0.38845667243003845
2.0,0.39411285519599915
2.0,0.3818333148956299
1.1333333253860474,0.38398781418800354
1.0,0.38880982995033264
1.0,0.3884097635746002
1.0,0.37785062193870544
1.0,0.37799039483070374
1.0,0.380481094121933
1.0,0.38438668847084045
1.0,0.37981876730918884
1.0,0.3771694600582123
1.0,0.3798024654388428
1.0,0.3804102838039398
1.0,0.3794996738433838
1.0,0.37771642208099365
1.0,0.378307580947876
1.0,0.37839213013648987
1.0,0.37708210945129395
1.0,0.37733256816864014
1.0,0.38048258423805237
1.0,0.3785891532897949
1.6666666269302368,0.3851032257080078
2.0,0.38850605487823486
2.0,0.38265737891197205
2.0,0.3762582838535309
2.0,0.38518819212913513
2.0,0.3881772458553314
2.0,0.3823886215686798
2.0,0.3801228702068329
2.0,0.38670459389686584
2.0,0.38230013847351074
2.0,0.384669691324234
2.0,0.39034852385520935
2.0,0.3937020003795624
2.0,0.39068320393562317
2.0,0.3861757814884186
2.0,0.3867437541484833
2.0,0.3766059875488281
2.0,0.380902498960495
2.0,0.3713502585887909
2.0,0.36717620491981506
2.0,0.3697890043258667
2.0,0.37359270453453064
2.0,0.3748255968093872
2.0,0.369335800409317
2.0,0.3724738657474518
2.0,0.3773840367794037
2.0,0.3750419616699219
2.0,0.38209566473960876
2.0,0.3825363218784332
2.0,0.37809810042381287
2.0,0.37488770484924316
2.0,0.3780146539211273
2.0,0.37530502676963806
2.0,0.3748503625392914
2.0,0.37279486656188965
2.0,0.37355098128318787
2.0,0.37587323784828186
2.0,0.3686138689517975
1.6666666269302368,0.38905414938926697
1.0,0.38575729727745056
1.0,0.3888913691043854
1.1333333253860474,0.3838407099246979
2.0,0.37735652923583984
2.0,0.3796809911727905
2.0,0.383962482213974
2.0,0.3848365843296051
2.0,0.3762984275817871
2.0,0.3825371265411377
2.0,0.37570032477378845
2.0,0.38861653208732605
2.0,0.3850281238555908
2.0,0.3753946125507355
2.0,0.38128766417503357
2.0,0.3749091625213623
2.0,0.3768880367279053
2.0,0.38006511330604553
2.0,0.37432003021240234
2.0,0.38022804260253906
2.0,0.37784239649772644
2.0,0.3769495189189911
2.0,0.3761986196041107
1.0666667222976685,0.38038790225982666
1.0,0.37858346104621887
1.0,0.38475117087364197
1.0,0.3782061040401459
1.0,0.37758490443229675
1.0,0.37476062774658203
1.0,0.3782462179660797
1.0,0.3810616433620453
1.0,0.38457027077674866
1.0,0.38195323944091797
1.0,0.3830142021179199
1.0,0.3899870216846466
1.0,0.38839101791381836
1.0,0.38175344467163086
1.0,0.38312196731567383
1.0,0.38438645005226135
1.0,0.38295474648475647
1.0,0.38584211468696594
1.0,0.3891036808490753
1.0,0.38638463616371155
1.0,0.3803495466709137
1.0,0.3894197940826416
1.0,0.37958693504333496
1.0,0.3832729756832123
1.0,0.37557879090309143
1.0,0.3695301115512848
1.0,0.3725154399871826
1.0,0.3688141405582428
1.0,0.37425389885902405
1.0,0.3807758390903473
1.0,0.3920998275279999
1.0,0.39697787165641785
1.0,0.39373525977134705
1.0,0.3890226185321808
1.0,0.3904810845851898
1.0,0.3875149190425873
1.0,0.3864431381225586
1.0,0.39003968238830566
1.0,0.3905799090862274
1.0,0.3928612768650055
1.0,0.38741788268089294
1.0,0.38797688484191895
1.0,0.38871240615844727
1.0,0.3876042366027832
1.0,0.385333389043808
1.0,0.38328537344932556
1.0,0.38452884554862976
1.0,0.3917926549911499
1.0,0.3896275460720062
1.0,0.39247044920921326
1.0,0.3946581780910492
1.0,0.39044955372810364
1.0,0.3837064802646637
1.0,0.383711576461792
1.0,0.3848969042301178
1.0,0.3857298791408539
1.0,0.38785019516944885
1.0,0.3956579267978668
1.0,0.3951718509197235
1.0,0.3835066258907318
1.0,0.3842667043209076
1.0,0.3928532302379608
1.0,0.3873558044433594
1.0,0.39036598801612854
1.0,0.39346715807914734
1.0,0.39185425639152527
1.0,0.3842695653438568
1.0,0.3828207552433014
1.0,0.3889467418193817
1.0,0.38721728324890137
1.0,0.39097657799720764
1.0,0.3900638520717621
1.0,0.3917808532714844
1.0,0.3860645294189453
1.0,0.38821426033973694
1.0,0.3879745900630951
1.0,0.3794388771057129
1.0,0.38236531615257263
1.0,0.38719287514686584
1.0,0.389939546585083
1.0,0.38705527782440186
1.0,0.3845522701740265
1.0,0.3826237618923187
1.0,0.3906830847263336
1.0,0.38725414872169495
1.0,0.3946940004825592
1.0,0.3964175879955292
1.0,0.39073070883750916
1.0,0.3889075815677643
1.0,0.393906831741333
1.0,0.396397203207016
1.0,0.39527449011802673
1.0,0.3918642997741699
1.0,0.3951960802078247
1.0,0.3924468457698822
1.0,0.39555636048316956
1.0,0.39051446318626404
1.0,0.38600873947143555
1.0,0.39477667212486267
1.0,0.39281734824180603
1.0,0.3880580961704254
1.0,0.3908977806568146
1.0,0.38669684529304504
1.0,0.3893500566482544
1.0,0.39163342118263245
1.0,0.38562464714050293
1.0,0.3900439739227295
1.0,0.3885974586009979
1.0,0.3862360417842865
1.0,0.380664199590683
1.0,0.3823574483394623
1.0,0.3815259635448456
1.0,0.38872024416923523
1.0,0.38461288809776306
1.0,0.3901712894439697
1.0,0.384942889213562
1.0,0.3820878267288208
1.0,0.3824514150619507
1.0,0.38296639919281006
1.0,0.38368842005729675
1.0,0.38854777812957764
1.0,0.3907405436038971
1.0,0.3854809105396271
1.0,0.38250216841697693
1.0,0.39070042967796326
1.0,0.39110469818115234
1.0,0.3916764259338379
1.0,0.3882589042186737
1.0,0.38965344429016113
1.0,0.3949873447418213
1.0,0.3901425302028656
1.0,0.3939743936061859
1.0,0.3885749280452728
1.0,0.38662096858024597
1.0,0.3866400420665741
1.0,0.38927555084228516
1.0,0.38598179817199707
1.0,0.38864216208457947
1.0,0.3876199424266815
1.0,0.3862915337085724
1.0,0.3826340138912201
1.0,0.3877273499965668
1.0,0.38848957419395447
1.0,0.3799000680446625
1.0,0.38715648651123047
1.0,0.3972007930278778
1.0,0.39230743050575256
1.0,0.39134523272514343
1.0,0.39243969321250916
1.0,0.3895582854747772
1.0,0.3933503329753876
1.0,0.38946667313575745
1.0,0.38974452018737793
1.0,0.394702672958374
0.0,0.3910943567752838
0.0,0.39149582386016846
0.0,0.39052605628967285
0.0,0.39001139998435974
0.0,0.39143452048301697
0.0,0.39348304271698
0.0,0.38842883706092834
0.0,0.3901576101779938
0.0,0.38984569907188416
0.0,0.3892621099948883
0.0,0.3911055028438568
0.0,0.39266327023506165
